========================================
Formula: Er2Sn2O7_9_10
========================================
State-analysis with respect to free GS J= 7.5  (coefficients with real and imaginary parts)

  Mj     Level (eV)    1  -   9
          0.00000000     0.00000000     0.01197649     0.01197649     0.02695514     0.02695514     0.05065849     0.05065849     0.06469165
-15/2   0.000  0.000   0.000  0.000   0.079  0.000   0.015  0.000   0.000  0.000   0.000  0.000   0.000  0.000   0.000  0.000   0.000  0.000
-13/2  -0.183  0.000   0.066  0.000   0.000  0.000   0.000  0.000   0.000  0.000   0.031  0.000   0.887  0.000  -0.040  0.000   0.399  0.000
-11/2  -0.077  0.000  -0.214  0.000   0.000  0.000   0.000  0.000   0.760  0.000  -0.011 -0.001  -0.014  0.000  -0.314  0.000   0.000 -0.010
 -9/2   0.000  0.000   0.000  0.000   0.629  0.000  -0.036  0.000   0.000  0.000   0.000  0.000   0.000  0.000   0.000  0.000   0.000  0.000
 -7/2  -0.435  0.000   0.157  0.001   0.000  0.000   0.000  0.000  -0.004  0.001  -0.290  0.000  -0.148  0.000   0.007  0.000   0.303  0.000
 -5/2  -0.130  0.001  -0.359  0.000   0.000  0.000   0.000  0.000  -0.535  0.000   0.008  0.001  -0.012  0.000  -0.275  0.000   0.000 -0.007
 -3/2   0.000  0.000   0.000  0.000  -0.560  0.000  -0.529  0.000   0.000  0.000   0.000  0.000   0.000  0.000   0.000  0.000   0.000  0.000
 -1/2   0.696  0.000  -0.251 -0.001   0.000  0.000   0.000  0.000  -0.003  0.000  -0.216  0.000  -0.098  0.000   0.004  0.000   0.619  0.000
  1/2   0.251 -0.001   0.696  0.000   0.000  0.000   0.000  0.000  -0.216  0.000   0.003  0.000  -0.004  0.000  -0.098  0.000   0.000 -0.013
  3/2   0.000  0.000   0.000  0.000  -0.529  0.000   0.560  0.000   0.000  0.000   0.000  0.000   0.000  0.000   0.000  0.000   0.000  0.000
  5/2   0.359  0.000  -0.130 -0.001   0.000  0.000   0.000  0.000   0.008 -0.001   0.535  0.000   0.275  0.000  -0.012  0.000  -0.328  0.000
  7/2   0.157 -0.001   0.435  0.000   0.000  0.000   0.000  0.000   0.290  0.000  -0.004 -0.001   0.007  0.000   0.148  0.000   0.000  0.006
  9/2   0.000  0.000   0.000  0.000   0.036  0.000   0.629  0.000   0.000  0.000   0.000  0.000   0.000  0.000   0.000  0.000   0.000  0.000
 11/2  -0.214  0.000   0.077  0.000   0.000  0.000   0.000  0.000   0.011 -0.001   0.760  0.000  -0.314  0.000   0.014  0.000   0.506  0.000
 13/2  -0.066  0.000  -0.183  0.000   0.000  0.000   0.000  0.000   0.031  0.000   0.000  0.000   0.040  0.000   0.887  0.000   0.000 -0.008
 15/2   0.000  0.000   0.000  0.000   0.015  0.000  -0.079  0.000   0.000  0.000   0.000  0.000   0.000  0.000   0.000  0.000   0.000  0.000
admix       0.002731       0.002731       0.003307       0.003308       0.002915       0.002915       0.004851       0.004851       0.002190

  Mj     Level (eV)   10  -  16
          0.06469165     0.07099051     0.07099051     0.07658009     0.07658009     0.16318064     0.16318064
-15/2   0.000  0.000   0.093  0.000  -0.030  0.000   0.000  0.000   0.000  0.000   0.991  0.000   0.000  0.000
-13/2   0.000 -0.008   0.000  0.000   0.000  0.000   0.031 -0.003  -0.086  0.000   0.000  0.000   0.000  0.000
-11/2   0.506  0.000   0.000  0.000   0.000  0.000   0.104  0.000   0.037  0.004   0.000  0.000   0.000  0.000
 -9/2   0.000  0.000   0.765  0.000  -0.006  0.000   0.000  0.000   0.000  0.000  -0.122  0.000   0.010  0.000
 -7/2   0.000 -0.006   0.000  0.000   0.000  0.000  -0.259  0.026   0.719  0.000   0.000  0.000   0.000  0.000
 -5/2   0.328  0.000   0.000  0.000   0.000  0.000   0.581  0.000   0.209  0.021   0.000  0.000   0.000  0.000
 -3/2   0.000  0.000   0.444  0.000   0.454  0.000   0.000  0.000   0.000  0.000   0.025  0.000   0.023  0.000
 -1/2   0.000 -0.013   0.000  0.000   0.000  0.000  -0.035  0.003   0.097  0.000   0.000  0.000   0.000  0.000
  1/2   0.619  0.000   0.000  0.000   0.000  0.000  -0.097  0.000  -0.035 -0.003   0.000  0.000   0.000  0.000
  3/2   0.000  0.000   0.454  0.000  -0.444  0.000   0.000  0.000   0.000  0.000  -0.023  0.000   0.025  0.000
  5/2   0.000  0.007   0.000  0.000   0.000  0.000  -0.209  0.021   0.581  0.000   0.000  0.000   0.000  0.000
  7/2  -0.303  0.000   0.000  0.000   0.000  0.000   0.719  0.000   0.259  0.026   0.000  0.000   0.000  0.000
  9/2   0.000  0.000   0.006  0.000   0.765  0.000   0.000  0.000   0.000  0.000   0.010  0.000   0.122  0.000
 11/2   0.000 -0.010   0.000  0.000   0.000  0.000   0.037 -0.004  -0.104  0.000   0.000  0.000   0.000  0.000
 13/2   0.399  0.000   0.000  0.000   0.000  0.000   0.086  0.000   0.031  0.003   0.000  0.000   0.000  0.000
 15/2   0.000  0.000  -0.030  0.000  -0.093  0.000   0.000  0.000   0.000  0.000   0.000  0.000   0.991  0.000
admix       0.002190       0.002227       0.002227       0.002911       0.002911       0.001447       0.001447



========================================
Formula: Tm2Ti2O7_1_293
========================================
State-analysis with respect to free GS J= 6.0  (coefficients with real and imaginary parts)

  Mj     Level (eV)    1  -   9
          0.00000000     0.00849159     0.00849159     0.02708214     0.02708214     0.02822895     0.03813234     0.05996026     0.05996026
 -6    -0.056  0.000   0.000  0.000   0.000  0.000   0.000  0.000   0.000  0.000  -0.045  0.000   0.053  0.000   0.000  0.000   0.000  0.000
 -5     0.000  0.000  -0.089  0.000   0.000  0.000  -0.062  0.001   0.075  0.000   0.000  0.000   0.000  0.000   0.001 -0.001   0.038  0.000
 -4     0.000  0.000  -0.002  0.000   0.289  0.000  -0.041  0.000  -0.034 -0.001   0.000  0.000   0.000  0.000   0.952  0.000  -0.036 -0.015
 -3     0.704  0.000   0.000  0.000   0.000  0.000   0.000  0.000   0.000  0.000   0.606  0.000  -0.354  0.000   0.000  0.000   0.000  0.000
 -2     0.000  0.000   0.940  0.000   0.005 -0.001   0.087 -0.001  -0.105  0.000   0.000  0.000   0.000  0.000  -0.010  0.004  -0.274  0.000
 -1     0.000  0.000   0.001  0.000  -0.123  0.000   0.752  0.000   0.623  0.010   0.000  0.000   0.000  0.000   0.093  0.000  -0.004 -0.001
  0     0.000  0.000   0.000  0.000   0.000  0.000   0.000  0.000   0.000  0.000   0.500  0.000   0.856  0.000   0.000  0.000   0.000  0.000
  1     0.000  0.000   0.123  0.000   0.001  0.000  -0.623  0.010   0.752  0.000   0.000  0.000   0.000  0.000  -0.004  0.001  -0.093  0.000
  2     0.000  0.000  -0.005 -0.001   0.940  0.000   0.105  0.000   0.087  0.001   0.000  0.000   0.000  0.000  -0.274  0.000   0.010  0.004
  3     0.704  0.000   0.000  0.000   0.000  0.000   0.000  0.000   0.000  0.000  -0.606  0.000   0.354  0.000   0.000  0.000   0.000  0.000
  4     0.000  0.000   0.289  0.000   0.002  0.000  -0.034  0.001   0.041  0.000   0.000  0.000   0.000  0.000   0.036 -0.015   0.952  0.000
  5     0.000  0.000   0.000  0.000   0.089  0.000   0.075  0.000   0.062  0.001   0.000  0.000   0.000  0.000  -0.038  0.000   0.001  0.001
  6     0.056  0.000   0.000  0.000   0.000  0.000   0.000  0.000   0.000  0.000  -0.045  0.000   0.053  0.000   0.000  0.000   0.000  0.000
admix       0.002224       0.008797       0.008797       0.014347       0.014347       0.009986       0.011779       0.006426       0.006426

  Mj     Level (eV)   10  -  13
          0.15007462     0.15007462     0.25630854     0.25688779
 -6     0.000  0.000   0.000  0.000   0.704  0.000   0.703  0.000
 -5     0.989  0.000   0.000  0.000   0.000  0.000   0.000  0.000
 -4     0.000  0.000   0.016  0.000   0.000  0.000   0.000  0.000
 -3     0.000  0.000   0.000  0.000   0.056  0.000   0.067  0.000
 -2     0.110  0.000   0.000  0.000   0.000  0.000   0.000  0.000
 -1     0.000  0.000  -0.080  0.000   0.000  0.000   0.000  0.000
  0     0.000  0.000   0.000  0.000   0.000  0.000  -0.029  0.000
  1    -0.080  0.000   0.000  0.000   0.000  0.000   0.000  0.000
  2     0.000  0.000  -0.110  0.000   0.000  0.000   0.000  0.000
  3     0.000  0.000   0.000  0.000   0.056  0.000  -0.067  0.000
  4    -0.016  0.000   0.000  0.000   0.000  0.000   0.000  0.000
  5     0.000  0.000   0.989  0.000   0.000  0.000   0.000  0.000
  6     0.000  0.000   0.000  0.000  -0.704  0.000   0.703  0.000
admix       0.003376       0.003376       0.001436       0.001380



========================================
Formula: Eu2Ir2O7_6_298
========================================
State-analysis with respect to free GS J= 0.0  (coefficients with real and imaginary parts)

  Mj     Level (eV)    1  -   1
          0.00000000
  0     0.698  0.000
admix       0.513307



========================================
Formula: Dy2Ti2O7_1_293
========================================
State-analysis with respect to free GS J= 7.5  (coefficients with real and imaginary parts)

  Mj     Level (eV)    1  -   9
          0.00000000     0.00000000     0.08556576     0.08556576     0.16454159     0.16454159     0.21523666     0.21523666     0.22398738
-15/2   0.000  0.000   0.996  0.000   0.000  0.000   0.000  0.000   0.000  0.000   0.000  0.000   0.039  0.000   0.000  0.000   0.000  0.000
-13/2   0.000  0.000   0.000  0.000   0.973  0.000   0.001  0.000  -0.020  0.000  -0.009  0.000   0.000  0.000   0.000  0.000  -0.019 -0.002
-11/2   0.000  0.000   0.000  0.000   0.000  0.000   0.007  0.000  -0.385 -0.006   0.854  0.000   0.000  0.000   0.000  0.000   0.173  0.000
 -9/2   0.001  0.000   0.060  0.000   0.000  0.000   0.000  0.000   0.000  0.000   0.000  0.000  -0.652  0.000   0.244  0.000   0.000  0.000
 -7/2   0.000  0.000   0.000  0.000   0.093  0.000   0.000  0.000   0.015  0.000   0.007  0.000   0.000  0.000   0.000  0.000  -0.044 -0.004
 -5/2   0.000  0.000   0.000  0.000   0.000  0.000   0.007  0.000  -0.054 -0.001   0.119  0.000   0.000  0.000   0.000  0.000   0.137  0.000
 -3/2   0.002  0.000  -0.018  0.000   0.000  0.000   0.000  0.000   0.000  0.000   0.000  0.000   0.041  0.000   0.688  0.000   0.000  0.000
 -1/2   0.000  0.000   0.000  0.000  -0.062  0.000   0.000  0.000  -0.190  0.000  -0.086  0.001   0.000  0.000   0.000  0.000  -0.365 -0.034
  1/2   0.000  0.000   0.000  0.000   0.000  0.000  -0.062  0.000   0.086  0.001  -0.190  0.000   0.000  0.000   0.000  0.000   0.878  0.000
  3/2  -0.018  0.000  -0.002  0.000   0.000  0.000   0.000  0.000   0.000  0.000   0.000  0.000   0.688  0.000  -0.041  0.000   0.000  0.000
  5/2   0.000  0.000   0.000  0.000  -0.007  0.000   0.000  0.000  -0.119  0.000  -0.054  0.001   0.000  0.000   0.000  0.000   0.057  0.005
  7/2   0.000  0.000   0.000  0.000   0.000  0.000  -0.093  0.000   0.007  0.000  -0.015  0.000   0.000  0.000   0.000  0.000  -0.106  0.000
  9/2  -0.060  0.000   0.001  0.000   0.000  0.000   0.000  0.000   0.000  0.000   0.000  0.000  -0.244  0.000  -0.652  0.000   0.000  0.000
 11/2   0.000  0.000   0.000  0.000   0.007  0.000   0.000  0.000   0.854  0.000   0.385 -0.006   0.000  0.000   0.000  0.000  -0.072 -0.007
 13/2   0.000  0.000   0.000  0.000  -0.001  0.000   0.973  0.000   0.009  0.000  -0.020  0.000   0.000  0.000   0.000  0.000   0.046  0.000
 15/2   0.996  0.000   0.000  0.000   0.000  0.000   0.000  0.000   0.000  0.000   0.000  0.000   0.000  0.000  -0.039  0.000   0.000  0.000
admix       0.003288       0.003288       0.040895       0.040895       0.060050       0.060051       0.038394       0.038394       0.021350

  Mj     Level (eV)   10  -  16
          0.22398738     0.23625699     0.23625699     0.24683359     0.24683359     0.26802599     0.26802599
-15/2   0.000  0.000   0.000  0.000   0.000  0.000   0.000  0.000  -0.044  0.000   0.000  0.000   0.000  0.000
-13/2   0.046  0.000   0.042 -0.005   0.062  0.000   0.000  0.000   0.000  0.000  -0.002  0.004  -0.076  0.000
-11/2   0.072 -0.007  -0.126  0.000   0.086  0.010   0.000  0.000   0.000  0.000  -0.072  0.000   0.002  0.003
 -9/2   0.000  0.000   0.000  0.000   0.000  0.000   0.218  0.000   0.651  0.000   0.000  0.000   0.000  0.000
 -7/2   0.106  0.000  -0.340  0.039  -0.496  0.000   0.000  0.000   0.000  0.000   0.022 -0.036   0.769  0.000
 -5/2   0.057 -0.005   0.616  0.000  -0.422 -0.048   0.000  0.000   0.000  0.000   0.612  0.000  -0.017 -0.029
 -3/2   0.000  0.000   0.000  0.000   0.000  0.000   0.574  0.000  -0.413  0.000   0.000  0.000   0.000  0.000
 -1/2   0.878  0.000   0.089 -0.010   0.130  0.000   0.000  0.000   0.000  0.000   0.000  0.000  -0.008  0.000
  1/2   0.365 -0.034  -0.130  0.000   0.089  0.010   0.000  0.000   0.000  0.000   0.008  0.000   0.000  0.000
  3/2   0.000  0.000   0.000  0.000   0.000  0.000   0.413  0.000   0.574  0.000   0.000  0.000   0.000  0.000
  5/2  -0.137  0.000   0.422 -0.048   0.616  0.000   0.000  0.000   0.000  0.000   0.017 -0.029   0.612  0.000
  7/2  -0.044  0.004  -0.496  0.000   0.340  0.039   0.000  0.000   0.000  0.000   0.769  0.000  -0.022 -0.036
  9/2   0.000  0.000   0.000  0.000   0.000  0.000   0.651  0.000  -0.218  0.000   0.000  0.000   0.000  0.000
 11/2   0.173  0.000   0.086 -0.010   0.126  0.000   0.000  0.000   0.000  0.000   0.002 -0.003   0.072  0.000
 13/2   0.019 -0.002  -0.062  0.000   0.042  0.005   0.000  0.000   0.000  0.000   0.076  0.000  -0.002 -0.004
 15/2   0.000  0.000   0.000  0.000   0.000  0.000   0.044  0.000   0.000  0.000   0.000  0.000   0.000  0.000
admix       0.021350       0.022611       0.022611       0.026604       0.026604       0.019491       0.019491



========================================
Formula: Eu2Pb2O7_13
========================================
State-analysis with respect to free GS J= 0.0  (coefficients with real and imaginary parts)

  Mj     Level (eV)    1  -   1
          0.00000000
  0     0.723  0.000
admix       0.477284



========================================
Formula: Pr2Hf2O7_11_300
========================================
State-analysis with respect to free GS J= 4.0  (coefficients with real and imaginary parts)

  Mj     Level (eV)    1  -   9
          0.00000000     0.00000000     0.01776457     0.05985245     0.05985245     0.11870871     0.15809372     0.20405767     0.20405767
 -4     0.506  0.012   0.735  0.000   0.000  0.000  -0.134 -0.010  -0.178  0.000   0.000  0.000   0.000  0.000   0.179  0.000   0.090  0.009
 -3     0.000  0.000   0.000  0.000  -0.112  0.000   0.000  0.000   0.000  0.000  -0.672  0.000   0.607  0.000   0.000  0.000   0.000  0.000
 -2    -0.128  0.000   0.088 -0.002   0.000  0.000  -0.235  0.000   0.176 -0.014   0.000  0.000   0.000  0.000  -0.326  0.032   0.649  0.000
 -1     0.187  0.005   0.272  0.000   0.000  0.000   0.464  0.036   0.618  0.000   0.000  0.000   0.000  0.000  -0.278  0.000  -0.139 -0.013
  0     0.000  0.000   0.000  0.000   0.957  0.000   0.000  0.000   0.000  0.000  -0.182  0.000   0.000  0.000   0.000  0.000   0.000  0.000
  1    -0.272  0.000   0.187 -0.005   0.000  0.000   0.618  0.000  -0.464  0.036   0.000  0.000   0.000  0.000  -0.139  0.013   0.278  0.000
  2    -0.088 -0.002  -0.128  0.000   0.000  0.000   0.176  0.014   0.235  0.000   0.000  0.000   0.000  0.000   0.649  0.000   0.326  0.032
  3     0.000  0.000   0.000  0.000   0.112  0.000   0.000  0.000   0.000  0.000   0.672  0.000   0.607  0.000   0.000  0.000   0.000  0.000
  4     0.735  0.000  -0.506  0.012   0.000  0.000   0.178  0.000  -0.134  0.010   0.000  0.000   0.000  0.000  -0.090  0.009   0.179  0.000
admix       0.070979       0.070979       0.059820       0.264948       0.264948       0.064164       0.262886       0.334637       0.334637



========================================
Formula: Gd2Ti2O7_1_293
========================================
State-analysis with respect to free GS J= 3.5  (coefficients with real and imaginary parts)

  Mj     Level (eV)    1  -   8
          0.00000000     0.00000000     0.00019225     0.00019225     0.00032440     0.00032440     0.00039172     0.00039172
 -7/2   0.000  0.000   1.000  0.000   0.000  0.000   0.000  0.000   0.000  0.000   0.000  0.000   0.000  0.000   0.001  0.000
 -5/2   0.000  0.000   0.000  0.000   0.000  0.000   1.000  0.000   0.000  0.000   0.000  0.000   0.002  0.000   0.000  0.000
 -3/2   0.000  0.000   0.000  0.000   0.000  0.000   0.000  0.000   0.009  0.000   1.000  0.000   0.000  0.000   0.000  0.000
 -1/2   0.000  0.000  -0.001  0.000   0.002  0.000   0.000  0.000   0.000  0.000   0.000  0.000   0.000  0.000   1.000  0.000
  1/2   0.001  0.000   0.000  0.000   0.000  0.000  -0.002  0.000   0.000  0.000   0.000  0.000   1.000  0.000   0.000  0.000
  3/2   0.000  0.000   0.000  0.000   0.000  0.000   0.000  0.000   1.000  0.000  -0.009  0.000   0.000  0.000   0.000  0.000
  5/2   0.000  0.000   0.000  0.000   1.000  0.000   0.000  0.000   0.000  0.000   0.000  0.000   0.000  0.000  -0.002  0.000
  7/2   1.000  0.000   0.000  0.000   0.000  0.000   0.000  0.000   0.000  0.000   0.000  0.000  -0.001  0.000   0.000  0.000
admix       0.000295       0.000295       0.000309       0.000309       0.000320       0.000320       0.000325       0.000325



========================================
Formula: Sm2Pt2O7_13
========================================
State-analysis with respect to free GS J= 2.5  (coefficients with real and imaginary parts)

  Mj     Level (eV)    1  -   6
          0.00000000     0.00000000     0.01266642     0.01266642     0.07080093     0.07080093
 -5/2  -0.001  0.000  -0.006  0.000   0.000  0.000   0.000  0.000  -0.294  0.023   0.553  0.000
 -3/2   0.000  0.000   0.000  0.000   0.799  0.000  -0.496  0.000   0.000  0.000   0.000  0.000
 -1/2   0.929  0.000  -0.213 -0.004   0.000  0.000   0.000  0.000   0.043  0.000   0.023  0.002
  1/2   0.213 -0.004   0.929  0.000   0.000  0.000   0.000  0.000   0.023 -0.002  -0.043  0.000
  3/2   0.000  0.000   0.000  0.000   0.496  0.000   0.799  0.000   0.000  0.000   0.000  0.000
  5/2   0.006  0.000  -0.001  0.000   0.000  0.000   0.000  0.000   0.553  0.000   0.294  0.023
admix       0.091523       0.091519       0.115336       0.115337       0.604530       0.604526



========================================
Formula: Tb2Ti2O7_1_293
========================================
State-analysis with respect to free GS J= 6.0  (coefficients with real and imaginary parts)

  Mj     Level (eV)    1  -   9
          0.00000000     0.00001002     0.02070812     0.02070812     0.05388982     0.05388982     0.08679808     0.11105113     0.15070987
 -6     0.702  0.000   0.702  0.000   0.000  0.000   0.000  0.000   0.000  0.000   0.000  0.000   0.026  0.000  -0.024  0.000   0.000  0.000
 -5     0.000  0.000   0.000  0.000   0.988  0.000   0.000  0.000   0.000  0.000   0.006  0.000   0.000  0.000   0.000  0.000  -0.027  0.001
 -4     0.000  0.000   0.000  0.000   0.000  0.000   0.003  0.000   0.959  0.000   0.005  0.000   0.000  0.000   0.000  0.000  -0.096  0.000
 -3    -0.031  0.000  -0.034  0.000   0.000  0.000   0.000  0.000   0.000  0.000   0.000  0.000   0.647  0.000  -0.671  0.000   0.000  0.000
 -2     0.000  0.000   0.000  0.000  -0.044  0.000   0.000  0.000   0.000  0.000   0.092  0.000   0.000  0.000   0.000  0.000  -0.619  0.034
 -1     0.000  0.000   0.000  0.000   0.000  0.000   0.033  0.000  -0.034  0.000   0.000  0.000   0.000  0.000   0.000  0.000   0.016  0.000
  0     0.018  0.000   0.000  0.000   0.000  0.000   0.000  0.000   0.000  0.000   0.000  0.000   0.000  0.000   0.037  0.000   0.000  0.000
  1     0.000  0.000   0.000  0.000   0.033  0.000   0.000  0.000   0.000  0.000   0.034  0.000   0.000  0.000   0.000  0.000   0.015 -0.001
  2     0.000  0.000   0.000  0.000   0.000  0.000   0.044  0.000   0.092  0.000   0.000  0.000   0.000  0.000   0.000  0.000   0.640  0.000
  3     0.031  0.000  -0.034  0.000   0.000  0.000   0.000  0.000   0.000  0.000   0.000  0.000   0.647  0.000   0.671  0.000   0.000  0.000
  4     0.000  0.000   0.000  0.000  -0.003  0.000   0.000  0.000  -0.005  0.000   0.959  0.000   0.000  0.000   0.000  0.000   0.093 -0.005
  5     0.000  0.000   0.000  0.000   0.000  0.000   0.988  0.000  -0.006  0.000   0.000  0.000   0.000  0.000   0.000  0.000  -0.028  0.000
  6     0.702  0.000  -0.702  0.000   0.000  0.000   0.000  0.000   0.000  0.000   0.000  0.000  -0.026  0.000  -0.024  0.000   0.000  0.000
admix       0.010756       0.010810       0.020113       0.020113       0.069924       0.069923       0.162041       0.096136       0.186074

  Mj     Level (eV)   10  -  13
          0.15070987     0.20241121     0.20241121     0.23449787
 -6     0.000  0.000   0.000  0.000   0.000  0.000  -0.019  0.000
 -5     0.028  0.000   0.010 -0.001  -0.067  0.000   0.000  0.000
 -4    -0.093 -0.005   0.041  0.000   0.006  0.001   0.000  0.000
 -3     0.000  0.000   0.000  0.000   0.000  0.000   0.031  0.000
 -2     0.640  0.000  -0.002  0.000   0.016  0.000   0.000  0.000
 -1     0.015  0.001   0.874  0.000   0.130  0.013   0.000  0.000
  0     0.000  0.000   0.000  0.000   0.000  0.000   0.941  0.000
  1    -0.016  0.000  -0.130  0.013   0.874  0.000   0.000  0.000
  2     0.619  0.034  -0.016  0.000  -0.002  0.000   0.000  0.000
  3     0.000  0.000   0.000  0.000   0.000  0.000  -0.031  0.000
  4    -0.096  0.000   0.006 -0.001  -0.041  0.000   0.000  0.000
  5    -0.027 -0.001  -0.067  0.000  -0.010 -0.001   0.000  0.000
  6     0.000  0.000   0.000  0.000   0.000  0.000  -0.019  0.000
admix       0.186074       0.211750       0.211748       0.112063



========================================
Formula: Eu2Ir2O7_13
========================================
State-analysis with respect to free GS J= 0.0  (coefficients with real and imaginary parts)

  Mj     Level (eV)    1  -   1
          0.00000000
  0     0.701  0.000
admix       0.508128



========================================
Formula: Pr2Hf2O7_11_1.5
========================================
State-analysis with respect to free GS J= 4.0  (coefficients with real and imaginary parts)

  Mj     Level (eV)    1  -   9
          0.00000000     0.00000000     0.01741047     0.05953383     0.05953383     0.11816303     0.15768477     0.20395504     0.20395504
 -4     0.698  0.000   0.527 -0.161   0.000  0.000  -0.169  0.000   0.150 -0.026   0.000  0.000   0.000  0.000   0.180  0.000   0.092  0.002
 -3     0.000  0.000   0.000  0.000  -0.110  0.000   0.000  0.000   0.000  0.000  -0.672  0.000   0.606  0.000   0.000  0.000   0.000  0.000
 -2     0.092  0.028  -0.122  0.000   0.000  0.000  -0.196 -0.034  -0.220  0.000   0.000  0.000   0.000  0.000  -0.329  0.008   0.643  0.000
 -1     0.264  0.000   0.199 -0.061   0.000  0.000   0.572  0.000  -0.509  0.087   0.000  0.000   0.000  0.000  -0.276  0.000  -0.141 -0.003
  0     0.000  0.000   0.000  0.000   0.957  0.000   0.000  0.000   0.000  0.000  -0.180  0.000   0.000  0.000   0.000  0.000   0.000  0.000
  1     0.199  0.061  -0.264  0.000   0.000  0.000   0.509  0.087   0.572  0.000   0.000  0.000   0.000  0.000  -0.141  0.003   0.276  0.000
  2    -0.122  0.000  -0.092  0.028   0.000  0.000   0.220  0.000  -0.196  0.034   0.000  0.000   0.000  0.000   0.643  0.000   0.329  0.008
  3     0.000  0.000   0.000  0.000   0.110  0.000   0.000  0.000   0.000  0.000   0.672  0.000   0.606  0.000   0.000  0.000   0.000  0.000
  4    -0.527 -0.161   0.698  0.000   0.000  0.000   0.150  0.026   0.169  0.000   0.000  0.000   0.000  0.000  -0.092  0.002   0.180  0.000
admix       0.071212       0.071212       0.060095       0.266737       0.266737       0.065078       0.264909       0.341104       0.341104



========================================
Formula: Ce2Hf2O7_10_297
========================================
State-analysis with respect to free GS J= 2.5  (coefficients with real and imaginary parts)

  Mj     Level (eV)    1  -   6
          0.00000000     0.00000000     0.04098169     0.04098169     0.14861154     0.14861154
 -5/2   0.000  0.000   0.000  0.000   0.065  0.000   0.974  0.000   0.073  0.000  -0.002  0.000
 -3/2   0.882  0.000   0.428 -0.123   0.000  0.000   0.000  0.000   0.000  0.000   0.000  0.000
 -1/2   0.000  0.000   0.000  0.000   0.115  0.000  -0.008  0.000   0.029  0.000   0.951  0.000
  1/2   0.000  0.000   0.000  0.000  -0.008  0.000  -0.115  0.000   0.951  0.000  -0.029  0.000
  3/2  -0.428 -0.123   0.882  0.000   0.000  0.000   0.000  0.000   0.000  0.000   0.000  0.000
  5/2   0.000  0.000   0.000  0.000   0.974  0.000  -0.065  0.000  -0.002  0.000  -0.073  0.000
admix       0.023353       0.023353       0.033954       0.033954       0.089688       0.089689



========================================
Formula: Sm2Ti2O7_13
========================================
State-analysis with respect to free GS J= 2.5  (coefficients with real and imaginary parts)

  Mj     Level (eV)    1  -   6
          0.00000000     0.00000000     0.01217110     0.01217110     0.06900006     0.06900006
 -5/2  -0.007  0.000  -0.003  0.000   0.000  0.000   0.000  0.000   0.020  0.011   0.621  0.000
 -3/2   0.000  0.000   0.000  0.000   0.812  0.000  -0.469  0.000   0.000  0.000   0.000  0.000
 -1/2  -0.356 -0.008   0.878  0.000   0.000  0.000   0.000  0.000   0.056  0.000  -0.002  0.001
  1/2   0.878  0.000   0.356 -0.008   0.000  0.000   0.000  0.000  -0.002 -0.001  -0.056  0.000
  3/2   0.000  0.000   0.000  0.000   0.469  0.000   0.812  0.000   0.000  0.000   0.000  0.000
  5/2  -0.003  0.000   0.007  0.000   0.000  0.000   0.000  0.000   0.621  0.000  -0.020  0.011
admix       0.101895       0.101898       0.120925       0.120926       0.610550       0.610544



========================================
Formula: Er2Pt2O7_9_10
========================================
State-analysis with respect to free GS J= 7.5  (coefficients with real and imaginary parts)

  Mj     Level (eV)    1  -   9
          0.00000000     0.00000000     0.01333660     0.01333660     0.02975769     0.02975769     0.05452349     0.05452349     0.07222524
-15/2   0.000  0.000   0.000  0.000  -0.033  0.000  -0.077  0.000   0.000  0.000   0.000  0.000   0.000  0.000   0.000  0.000   0.000  0.000
-13/2   0.136  0.011  -0.147  0.000   0.000  0.000   0.000  0.000   0.030  0.000  -0.002  0.000  -0.023  0.002   0.910  0.000   0.012 -0.007
-11/2  -0.165  0.000  -0.153  0.012   0.000  0.000   0.000  0.000   0.046  0.004   0.770  0.000  -0.278  0.000  -0.007 -0.001   0.512  0.000
 -9/2   0.000  0.000   0.000  0.000  -0.377  0.000  -0.507  0.000   0.000  0.000   0.000  0.000   0.000  0.000   0.000  0.000   0.000  0.000
 -7/2   0.315  0.024  -0.339  0.000   0.000  0.000   0.000  0.000  -0.280  0.000   0.017 -0.002   0.004  0.000  -0.143  0.000   0.011 -0.006
 -5/2  -0.278  0.000  -0.258  0.020   0.000  0.000   0.000  0.000  -0.031 -0.003  -0.528  0.000  -0.255  0.000  -0.006 -0.001   0.363  0.000
 -3/2   0.000  0.000   0.000  0.000  -0.122  0.000   0.758  0.000   0.000  0.000   0.000  0.000   0.000  0.000   0.000  0.000   0.000  0.000
 -1/2  -0.502 -0.039   0.542  0.000   0.000  0.000   0.000  0.000  -0.204  0.000   0.012 -0.001   0.001  0.000  -0.059  0.000   0.022 -0.012
  1/2   0.542  0.000   0.502 -0.039   0.000  0.000   0.000  0.000  -0.012 -0.001  -0.204  0.000  -0.059  0.000  -0.001  0.000   0.625  0.000
  3/2   0.000  0.000   0.000  0.000   0.758  0.000   0.122  0.000   0.000  0.000   0.000  0.000   0.000  0.000   0.000  0.000   0.000  0.000
  5/2  -0.258 -0.020   0.278  0.000   0.000  0.000   0.000  0.000   0.528  0.000  -0.031  0.003  -0.006  0.001   0.255  0.000  -0.013  0.007
  7/2   0.339  0.000   0.315 -0.024   0.000  0.000   0.000  0.000   0.017  0.002   0.280  0.000   0.143  0.000   0.004  0.000  -0.303  0.000
  9/2   0.000  0.000   0.000  0.000   0.507  0.000  -0.377  0.000   0.000  0.000   0.000  0.000   0.000  0.000   0.000  0.000   0.000  0.000
 11/2   0.153  0.012  -0.165  0.000   0.000  0.000   0.000  0.000   0.770  0.000  -0.046  0.004   0.007 -0.001  -0.278  0.000   0.018 -0.010
 13/2  -0.147  0.000  -0.136  0.011   0.000  0.000   0.000  0.000   0.002  0.000   0.030  0.000   0.910  0.000   0.023  0.002   0.346  0.000
 15/2   0.000  0.000   0.000  0.000  -0.077  0.000   0.033  0.000   0.000  0.000   0.000  0.000   0.000  0.000   0.000  0.000   0.000  0.000
admix       0.003219       0.003219       0.003937       0.003937       0.003431       0.003431       0.005737       0.005736       0.002391

  Mj     Level (eV)   10  -  16
          0.07222524     0.07952076     0.07952076     0.08560708     0.08560708     0.17582657     0.17582657
-15/2   0.000  0.000   0.015  0.000   0.103  0.000   0.000  0.000   0.000  0.000  -0.001  0.000   0.990  0.000
-13/2   0.346  0.000   0.000  0.000   0.000  0.000  -0.003  0.000  -0.075  0.000   0.000  0.000   0.000  0.000
-11/2  -0.018 -0.010   0.000  0.000   0.000  0.000   0.108  0.000  -0.004 -0.001   0.000  0.000   0.000  0.000
 -9/2   0.000  0.000   0.330  0.000   0.686  0.000   0.000  0.000   0.000  0.000   0.012  0.000  -0.129  0.000
 -7/2   0.303  0.000   0.000  0.000   0.000  0.000   0.030 -0.005   0.768  0.000   0.000  0.000   0.000  0.000
 -5/2  -0.013 -0.007   0.000  0.000   0.000  0.000   0.613  0.000  -0.024 -0.004   0.000  0.000   0.000  0.000
 -3/2   0.000  0.000   0.602  0.000   0.209  0.000   0.000  0.000   0.000  0.000   0.025  0.000   0.024  0.000
 -1/2   0.625  0.000   0.000  0.000   0.000  0.000   0.005 -0.001   0.114  0.000   0.000  0.000   0.000  0.000
  1/2  -0.022 -0.012   0.000  0.000   0.000  0.000  -0.114  0.000   0.005  0.001   0.000  0.000   0.000  0.000
  3/2   0.000  0.000  -0.209  0.000   0.602  0.000   0.000  0.000   0.000  0.000   0.024  0.000  -0.025  0.000
  5/2  -0.363  0.000   0.000  0.000   0.000  0.000   0.024 -0.004   0.613  0.000   0.000  0.000   0.000  0.000
  7/2   0.011  0.006   0.000  0.000   0.000  0.000   0.768  0.000  -0.030 -0.005   0.000  0.000   0.000  0.000
  9/2   0.000  0.000   0.686  0.000  -0.330  0.000   0.000  0.000   0.000  0.000   0.129  0.000   0.012  0.000
 11/2   0.512  0.000   0.000  0.000   0.000  0.000  -0.004  0.001  -0.108  0.000   0.000  0.000   0.000  0.000
 13/2  -0.012 -0.007   0.000  0.000   0.000  0.000   0.075  0.000  -0.003  0.000   0.000  0.000   0.000  0.000
 15/2   0.000  0.000  -0.103  0.000   0.015  0.000   0.000  0.000   0.000  0.000   0.990  0.000   0.001  0.000
admix       0.002391       0.002571       0.002571       0.003374       0.003374       0.001774       0.001774



========================================
Formula: Pr2Ir2O7_6_298
========================================
State-analysis with respect to free GS J= 4.0  (coefficients with real and imaginary parts)

  Mj     Level (eV)    1  -   9
          0.00000000     0.00000000     0.17513318     0.17513318     0.20560908     0.26126431     0.27221268     0.36588904     0.36588904
 -4    -0.073 -0.002   0.932  0.000  -0.036 -0.007  -0.050  0.000   0.000  0.000   0.000  0.000   0.000  0.000  -0.040  0.008  -0.065  0.000
 -3     0.000  0.000   0.000  0.000   0.000  0.000   0.000  0.000  -0.456  0.000   0.547  0.000   0.478  0.000   0.000  0.000   0.000  0.000
 -2    -0.097  0.000  -0.008  0.000  -0.164  0.000   0.118 -0.022   0.000  0.000   0.000  0.000   0.000  0.000   0.064  0.000  -0.039 -0.008
 -1    -0.009  0.000   0.118  0.000   0.271  0.051   0.378  0.000   0.000  0.000   0.000  0.000   0.000  0.000   0.361 -0.072   0.593  0.000
  0     0.000  0.000   0.000  0.000   0.000  0.000   0.000  0.000   0.613  0.000   0.000  0.000   0.648  0.000   0.000  0.000   0.000  0.000
  1    -0.118  0.000  -0.009  0.000   0.378  0.000  -0.271  0.051   0.000  0.000   0.000  0.000   0.000  0.000   0.593  0.000  -0.361 -0.072
  2     0.008  0.000  -0.097  0.000   0.118  0.022   0.164  0.000   0.000  0.000   0.000  0.000   0.000  0.000  -0.039  0.008  -0.064  0.000
  3     0.000  0.000   0.000  0.000   0.000  0.000   0.000  0.000   0.456  0.000   0.547  0.000  -0.478  0.000   0.000  0.000   0.000  0.000
  4     0.932  0.000   0.073 -0.002   0.050  0.000  -0.036  0.007   0.000  0.000   0.000  0.000   0.000  0.000   0.065  0.000  -0.040 -0.008
admix       0.102480       0.102481       0.735246       0.735246       0.209845       0.402339       0.122028       0.500850       0.500849



========================================
Formula: Sm2Sn2O7_13
========================================
State-analysis with respect to free GS J= 2.5  (coefficients with real and imaginary parts)

  Mj     Level (eV)    1  -   6
          0.00000000     0.00000000     0.01228882     0.01228882     0.06851862     0.06851862
 -5/2  -0.020  0.000   0.002  0.000   0.000  0.000   0.000  0.000  -0.226 -0.002   0.601  0.000
 -3/2   0.000  0.000   0.000  0.000   0.721  0.000  -0.608  0.000   0.000  0.000   0.000  0.000
 -1/2   0.087  0.011   0.950  0.000   0.000  0.000   0.000  0.000   0.053  0.000   0.020  0.000
  1/2   0.950  0.000  -0.087  0.011   0.000  0.000   0.000  0.000   0.020  0.000  -0.053  0.000
  3/2   0.000  0.000   0.000  0.000   0.608  0.000   0.721  0.000   0.000  0.000   0.000  0.000
  5/2   0.002  0.000   0.020  0.000   0.000  0.000   0.000  0.000   0.601  0.000   0.226 -0.002
admix       0.089686       0.089690       0.110258       0.110258       0.584904       0.584900



========================================
Formula: Eu2Ti2O7_1_293
========================================
State-analysis with respect to free GS J= 0.0  (coefficients with real and imaginary parts)

  Mj     Level (eV)    1  -   1
          0.00000000
  0     0.697  0.000
admix       0.514443



========================================
Formula: Eu2Mo2O7_13
========================================
State-analysis with respect to free GS J= 0.0  (coefficients with real and imaginary parts)

  Mj     Level (eV)    1  -   1
          0.00000000
  0     0.736  0.000
admix       0.458525



========================================
Formula: Ce2Zr2O7_3
========================================
State-analysis with respect to free GS J= 2.5  (coefficients with real and imaginary parts)

  Mj     Level (eV)    1  -   6
          0.00000000     0.00000000     0.04310795     0.04310795     0.14798930     0.14798930
 -5/2   0.000  0.000   0.000  0.000   0.974  0.000  -0.019  0.000   0.081  0.000  -0.013  0.000
 -3/2  -0.442 -0.073   0.881  0.000   0.000  0.000   0.000  0.000   0.000  0.000   0.000  0.000
 -1/2   0.000  0.000   0.000  0.000   0.003  0.000   0.128  0.000   0.144  0.000   0.938  0.000
  1/2   0.000  0.000   0.000  0.000  -0.128  0.000   0.003  0.000   0.938  0.000  -0.144  0.000
  3/2   0.881  0.000   0.442 -0.073   0.000  0.000   0.000  0.000   0.000  0.000   0.000  0.000
  5/2   0.000  0.000   0.000  0.000   0.019  0.000   0.974  0.000  -0.013  0.000  -0.081  0.000
admix       0.022970       0.022971       0.035325       0.035325       0.093390       0.093391



========================================
Formula: Gd2Ru2O7_13
========================================
State-analysis with respect to free GS J= 3.5  (coefficients with real and imaginary parts)

  Mj     Level (eV)    1  -   8
          0.00000000     0.00000000     0.00018375     0.00018375     0.00031017     0.00031017     0.00037462     0.00037462
 -7/2   0.000  0.000   1.000  0.000   0.000  0.000   0.000  0.000   0.000  0.000   0.000  0.000   0.002  0.000   0.000  0.000
 -5/2   0.000  0.000   0.000  0.000   1.000  0.000   0.000  0.000   0.000  0.000   0.000  0.000   0.000  0.000   0.003  0.000
 -3/2   0.000  0.000   0.000  0.000   0.000  0.000   0.000  0.000   0.998  0.000   0.068  0.000   0.000  0.000   0.000  0.000
 -1/2   0.000  0.000  -0.002  0.000   0.000  0.000   0.003  0.000   0.000  0.000   0.000  0.000   1.000  0.000   0.000  0.000
  1/2   0.002  0.000   0.000  0.000  -0.003  0.000   0.000  0.000   0.000  0.000   0.000  0.000   0.000  0.000   1.000  0.000
  3/2   0.000  0.000   0.000  0.000   0.000  0.000   0.000  0.000  -0.068  0.000   0.998  0.000   0.000  0.000   0.000  0.000
  5/2   0.000  0.000   0.000  0.000   0.000  0.000   1.000  0.000   0.000  0.000   0.000  0.000  -0.003  0.000   0.000  0.000
  7/2   1.000  0.000   0.000  0.000   0.000  0.000   0.000  0.000   0.000  0.000   0.000  0.000   0.000  0.000  -0.002  0.000
admix       0.000295       0.000295       0.000309       0.000309       0.000319       0.000319       0.000325       0.000325



========================================
Formula: Nd2Zr2O7_7_295
========================================
State-analysis with respect to free GS J= 4.5  (coefficients with real and imaginary parts)

  Mj     Level (eV)    1  -   9
          0.00000000     0.00000000     0.03815066     0.03815066     0.08400260     0.08400260     0.10118069     0.10118069     0.22680474
 -9/2  -0.572  0.000   0.585  0.000   0.000  0.000   0.000  0.000   0.381  0.000  -0.272  0.000   0.000  0.000   0.000  0.000   0.000  0.000
 -7/2   0.000  0.000   0.000  0.000   0.045 -0.004   0.380  0.000   0.000  0.000   0.000  0.000   0.245  0.000  -0.160 -0.011   0.606  0.000
 -5/2   0.000  0.000   0.000  0.000   0.824  0.000  -0.099 -0.008   0.000  0.000   0.000  0.000   0.074 -0.005   0.113  0.000   0.038  0.013
 -3/2   0.443  0.000  -0.167  0.000   0.000  0.000   0.000  0.000   0.748  0.000  -0.314  0.000   0.000  0.000   0.000  0.000   0.000  0.000
 -1/2   0.000  0.000   0.000  0.000  -0.011  0.001  -0.090  0.000   0.000  0.000   0.000  0.000   0.750  0.000  -0.491 -0.035  -0.141  0.000
  1/2   0.000  0.000   0.000  0.000   0.090  0.000  -0.011 -0.001   0.000  0.000   0.000  0.000   0.491 -0.035   0.750  0.000  -0.023 -0.008
  3/2   0.167  0.000   0.443  0.000   0.000  0.000   0.000  0.000   0.314  0.000   0.748  0.000   0.000  0.000   0.000  0.000   0.000  0.000
  5/2   0.000  0.000   0.000  0.000   0.099 -0.008   0.824  0.000   0.000  0.000   0.000  0.000  -0.113  0.000   0.074  0.005  -0.233  0.000
  7/2   0.000  0.000   0.000  0.000   0.380  0.000  -0.045 -0.004   0.000  0.000   0.000  0.000  -0.160  0.011  -0.245  0.000  -0.099 -0.033
  9/2   0.585  0.000   0.572  0.000   0.000  0.000   0.000  0.000  -0.272  0.000  -0.381  0.000   0.000  0.000   0.000  0.000   0.000  0.000
admix       0.105827       0.105826       0.155585       0.155585       0.121696       0.121695       0.091468       0.091468       0.545147

  Mj     Level (eV)   10  -  10
          0.22680474
 -9/2   0.000  0.000
 -7/2   0.099 -0.033
 -5/2  -0.233  0.000
 -3/2   0.000  0.000
 -1/2  -0.023  0.008
  1/2   0.141  0.000
  3/2   0.000  0.000
  5/2  -0.038  0.013
  7/2   0.606  0.000
  9/2   0.000  0.000
admix       0.545148



========================================
Formula: Eu2Hf2O7_13
========================================
State-analysis with respect to free GS J= 0.0  (coefficients with real and imaginary parts)

  Mj     Level (eV)    1  -   1
          0.00000000
  0     0.712  0.000
admix       0.492783



========================================
Formula: Sm2Ti2O7_1_293
========================================
State-analysis with respect to free GS J= 2.5  (coefficients with real and imaginary parts)

  Mj     Level (eV)    1  -   6
          0.00000000     0.00000000     0.01209738     0.01209738     0.06872903     0.06872903
 -5/2  -0.002 -0.003  -0.006  0.000   0.000  0.000   0.000  0.000   0.258 -0.059   0.560  0.000
 -3/2   0.000  0.000   0.000  0.000  -0.468  0.000   0.812  0.000   0.000  0.000   0.000  0.000
 -1/2   0.813  0.000  -0.268  0.403   0.000  0.000   0.000  0.000   0.051  0.000  -0.024 -0.005
  1/2   0.268  0.403   0.813  0.000   0.000  0.000   0.000  0.000  -0.024  0.005  -0.051  0.000
  3/2   0.000  0.000   0.000  0.000   0.812  0.000   0.468  0.000   0.000  0.000   0.000  0.000
  5/2   0.006  0.000  -0.002  0.003   0.000  0.000   0.000  0.000   0.560  0.000  -0.258 -0.059
admix       0.104368       0.104366       0.122548       0.122547       0.612965       0.612962



========================================
Formula: Ho2Ti2O7_1_293
========================================
State-analysis with respect to free GS J= 8.0  (coefficients with real and imaginary parts)

  Mj     Level (eV)    1  -   9
          0.00000000     0.00000000     0.08340781     0.08340781     0.08351366     0.09337220     0.09337220     0.09985242     0.10278511
 -8     0.000  0.000   0.991  0.000   0.003  0.000   0.000  0.000   0.000  0.000   0.086  0.000   0.000  0.000   0.000  0.000  -0.034  0.000
 -7     0.001  0.000   0.000  0.000   0.000  0.000  -0.301  0.000   0.000  0.000   0.001  0.000   0.291  0.000   0.000  0.000   0.049 -0.002
 -6     0.000  0.000   0.000  0.000   0.000  0.000   0.000  0.000   0.052  0.000   0.000  0.000   0.000  0.000   0.442  0.000   0.000  0.000
 -5     0.000  0.000  -0.120  0.000   0.189  0.000   0.000  0.000   0.000  0.000   0.635  0.000  -0.002  0.000   0.000  0.000  -0.354  0.000
 -4     0.007  0.000   0.000  0.000   0.000  0.000   0.749  0.000   0.000  0.000   0.001  0.000   0.343  0.000   0.000  0.000   0.002  0.000
 -3     0.000  0.000   0.000  0.000   0.000  0.000   0.000  0.000   0.703  0.000   0.000  0.000   0.000  0.000   0.316  0.000   0.000  0.000
 -2     0.000  0.000   0.026  0.000   0.550  0.000   0.000  0.000   0.000  0.000   0.150  0.000  -0.001  0.000   0.000  0.000  -0.322  0.000
 -1     0.017  0.000   0.000  0.000   0.000  0.000   0.057  0.000   0.000  0.000   0.002  0.000   0.600  0.000   0.000  0.000   0.001  0.000
  0     0.000  0.000   0.000  0.000   0.000  0.000   0.000  0.000   0.000  0.000   0.000  0.000   0.000  0.000   0.637  0.000   0.000  0.000
  1     0.000  0.000  -0.017  0.000  -0.057  0.000   0.000  0.000   0.000  0.000   0.600  0.000  -0.002  0.000   0.000  0.000   0.020  0.000
  2     0.026  0.000   0.000  0.000   0.000  0.000   0.550  0.000   0.000  0.000  -0.001  0.000  -0.150  0.000   0.000  0.000   0.018 -0.001
  3     0.000  0.000   0.000  0.000   0.000  0.000   0.000  0.000   0.703  0.000   0.000  0.000   0.000  0.000  -0.316  0.000   0.000  0.000
  4     0.000  0.000   0.007  0.000   0.749  0.000   0.000  0.000   0.000  0.000  -0.343  0.000   0.001  0.000   0.000  0.000  -0.028  0.000
  5     0.120  0.000   0.000  0.000   0.000  0.000  -0.189  0.000   0.000  0.000   0.002  0.000   0.635  0.000   0.000  0.000  -0.020  0.001
  6     0.000  0.000   0.000  0.000   0.000  0.000   0.000  0.000  -0.052  0.000   0.000  0.000   0.000  0.000   0.442  0.000   0.000  0.000
  7     0.000  0.000  -0.001  0.000   0.301  0.000   0.000  0.000   0.000  0.000   0.291  0.000  -0.001  0.000   0.000  0.000   0.866  0.000
  8     0.991  0.000   0.000  0.000   0.000  0.000   0.003  0.000   0.000  0.000   0.000  0.000  -0.086  0.000   0.000  0.000   0.002  0.000
admix       0.002352       0.002352       0.006984       0.006984       0.005007       0.004275       0.004275       0.003214       0.014457

  Mj     Level (eV)   10  -  17
          0.10278511     0.12328882     0.13200011     0.13877499     0.13877499     0.15210093     0.15210093     0.15852287
 -8     0.002  0.000   0.000  0.000   0.000  0.000  -0.082  0.000   0.000  0.000  -0.015  0.000   0.000  0.000   0.000  0.000
 -7     0.866  0.000   0.000  0.000   0.000  0.000   0.000  0.000   0.005  0.000   0.004  0.000  -0.233  0.000   0.000  0.000
 -6     0.000  0.000  -0.703  0.000  -0.462  0.000   0.000  0.000   0.000  0.000   0.000  0.000   0.000  0.000  -0.298  0.000
 -5     0.020  0.001   0.000  0.000   0.000  0.000  -0.582  0.000  -0.003  0.000  -0.275  0.000  -0.005 -0.001   0.000  0.000
 -4     0.028  0.000   0.000  0.000   0.000  0.000   0.002  0.000  -0.330  0.000   0.008 -0.001  -0.453  0.000   0.000  0.000
 -3     0.000  0.000   0.051  0.000   0.527  0.000   0.000  0.000   0.000  0.000   0.000  0.000   0.000  0.000  -0.347  0.000
 -2     0.018  0.001   0.000  0.000   0.000  0.000   0.681  0.000   0.003  0.000  -0.320  0.000  -0.006 -0.001   0.000  0.000
 -1     0.020  0.000   0.000  0.000   0.000  0.000   0.001  0.000  -0.274  0.000  -0.013  0.001   0.745  0.000   0.000  0.000
  0     0.000  0.000   0.000  0.000   0.120  0.000   0.000  0.000   0.000  0.000   0.000  0.000   0.000  0.000   0.759  0.000
  1    -0.001  0.000   0.000  0.000   0.000  0.000   0.274  0.000   0.001  0.000   0.745  0.000   0.013  0.001   0.000  0.000
  2     0.322  0.000   0.000  0.000   0.000  0.000  -0.003  0.000   0.681  0.000  -0.006  0.001   0.320  0.000   0.000  0.000
  3     0.000  0.000   0.051  0.000  -0.527  0.000   0.000  0.000   0.000  0.000   0.000  0.000   0.000  0.000   0.347  0.000
  4     0.002  0.000   0.000  0.000   0.000  0.000  -0.330  0.000  -0.002  0.000   0.453  0.000   0.008  0.001   0.000  0.000
  5    -0.354  0.000   0.000  0.000   0.000  0.000  -0.003  0.000   0.582  0.000   0.005 -0.001  -0.275  0.000   0.000  0.000
  6     0.000  0.000   0.703  0.000  -0.462  0.000   0.000  0.000   0.000  0.000   0.000  0.000   0.000  0.000  -0.298  0.000
  7    -0.049 -0.002   0.000  0.000   0.000  0.000  -0.005  0.000   0.000  0.000  -0.233  0.000  -0.004  0.000   0.000  0.000
  8     0.034  0.000   0.000  0.000   0.000  0.000   0.000  0.000  -0.082  0.000   0.000  0.000   0.015  0.000   0.000  0.000
admix       0.014458       0.007107       0.004667       0.005803       0.005803       0.006003       0.006003       0.005215



========================================
Formula: Gd2Ti2O7_13
========================================
State-analysis with respect to free GS J= 3.5  (coefficients with real and imaginary parts)

  Mj     Level (eV)    1  -   8
          0.00000000     0.00000000     0.00019690     0.00019690     0.00033211     0.00033211     0.00040097     0.00040097
 -7/2   0.000  0.000   1.000  0.000   0.000  0.000   0.000  0.000   0.000  0.000   0.000  0.000   0.000  0.000   0.001  0.000
 -5/2   0.000  0.000   0.000  0.000   0.000  0.000   1.000  0.000   0.000  0.000   0.000  0.000   0.002  0.000   0.000  0.000
 -3/2   0.000  0.000   0.000  0.000   0.000  0.000   0.000  0.000  -0.008  0.000   1.000  0.000   0.000  0.000   0.000  0.000
 -1/2   0.000  0.000  -0.001  0.000   0.002  0.000   0.000  0.000   0.000  0.000   0.000  0.000   0.000  0.000   1.000  0.000
  1/2   0.001  0.000   0.000  0.000   0.000  0.000  -0.002  0.000   0.000  0.000   0.000  0.000   1.000  0.000   0.000  0.000
  3/2   0.000  0.000   0.000  0.000   0.000  0.000   0.000  0.000   1.000  0.000   0.008  0.000   0.000  0.000   0.000  0.000
  5/2   0.000  0.000   0.000  0.000   1.000  0.000   0.000  0.000   0.000  0.000   0.000  0.000   0.000  0.000  -0.002  0.000
  7/2   1.000  0.000   0.000  0.000   0.000  0.000   0.000  0.000   0.000  0.000   0.000  0.000  -0.001  0.000   0.000  0.000
admix       0.000294       0.000294       0.000309       0.000309       0.000320       0.000320       0.000326       0.000326



========================================
Formula: Ce2Hf2O7_10_1.5
========================================
State-analysis with respect to free GS J= 2.5  (coefficients with real and imaginary parts)

  Mj     Level (eV)    1  -   6
          0.00000000     0.00000000     0.04256587     0.04256587     0.14617859     0.14617859
 -5/2   0.000  0.000   0.000  0.000   0.972  0.000  -0.058  0.000   0.077  0.000  -0.040  0.000
 -3/2  -0.147  0.652   0.729  0.000   0.000  0.000   0.000  0.000   0.000  0.000   0.000  0.000
 -1/2   0.000  0.000   0.000  0.000   0.008  0.000   0.131  0.000   0.438  0.000   0.842  0.000
  1/2   0.000  0.000   0.000  0.000  -0.131  0.000   0.008  0.000   0.842  0.000  -0.438  0.000
  3/2   0.729  0.000   0.147  0.652   0.000  0.000   0.000  0.000   0.000  0.000   0.000  0.000
  5/2   0.000  0.000   0.000  0.000   0.058  0.000   0.972  0.000  -0.040  0.000  -0.077  0.000
admix       0.022432       0.022432       0.034230       0.034230       0.091746       0.091746



========================================
Formula: Eu2Ir2O7_8_120
========================================
State-analysis with respect to free GS J= 0.0  (coefficients with real and imaginary parts)

  Mj     Level (eV)    1  -   1
          0.00000000
  0     0.702  0.000
admix       0.507231



========================================
Formula: Gd2Sn2O7_13
========================================
State-analysis with respect to free GS J= 3.5  (coefficients with real and imaginary parts)

  Mj     Level (eV)    1  -   8
          0.00000000     0.00000000     0.00017250     0.00017250     0.00029100     0.00029100     0.00035135     0.00035135
 -7/2   0.000  0.000   1.000  0.000   0.000  0.000   0.000  0.000   0.000  0.000   0.000  0.000   0.002  0.000   0.000  0.000
 -5/2   0.000  0.000   0.000  0.000   0.000  0.000   1.000  0.000   0.000  0.000   0.000  0.000   0.000  0.000   0.003  0.000
 -3/2   0.000  0.000   0.000  0.000   0.000  0.000   0.000  0.000  -0.003 -0.053   0.998  0.000   0.000  0.000   0.000  0.000
 -1/2   0.000  0.000  -0.002  0.000   0.003  0.000   0.000  0.000   0.000  0.000   0.000  0.000   1.000  0.000   0.000  0.000
  1/2   0.002  0.000   0.000  0.000   0.000  0.000  -0.003  0.000   0.000  0.000   0.000  0.000   0.000  0.000   1.000  0.000
  3/2   0.000  0.000   0.000  0.000   0.000  0.000   0.000  0.000   0.998  0.000   0.003 -0.053   0.000  0.000   0.000  0.000
  5/2   0.000  0.000   0.000  0.000   1.000  0.000   0.000  0.000   0.000  0.000   0.000  0.000  -0.003  0.000   0.000  0.000
  7/2   1.000  0.000   0.000  0.000   0.000  0.000   0.000  0.000   0.000  0.000   0.000  0.000   0.000  0.000  -0.002  0.000
admix       0.000295       0.000295       0.000309       0.000309       0.000318       0.000318       0.000323       0.000323



========================================
Formula: Lu2Ti2O7_13
========================================
State-analysis with respect to free GS J= 0.0  (coefficients with real and imaginary parts)

  Mj     Level (eV)    1  -   1
          0.00000000
  0     1.000  0.000
admix       0.000000



========================================
Formula: Eu2Zr2O7_13
========================================
State-analysis with respect to free GS J= 0.0  (coefficients with real and imaginary parts)

  Mj     Level (eV)    1  -   1
          0.00000000
  0     0.748  0.000
admix       0.439791



========================================
Formula: Dy2Ti2O7_13
========================================
State-analysis with respect to free GS J= 7.5  (coefficients with real and imaginary parts)

  Mj     Level (eV)    1  -   9
          0.00000000     0.00000000     0.08709511     0.08709511     0.16730130     0.16730130     0.21936875     0.21936875     0.22814890
-15/2   0.997  0.000   0.000  0.000   0.000  0.000   0.000  0.000   0.000  0.000   0.000  0.000  -0.034  0.000  -0.012  0.000   0.000  0.000
-13/2   0.000  0.000   0.000  0.000   0.974  0.000  -0.004  0.001   0.000  0.000  -0.020  0.000   0.000  0.000   0.000  0.000   0.055  0.000
-11/2   0.000  0.000   0.000  0.000   0.000  0.000   0.006  0.000   0.942  0.000   0.009  0.010   0.000  0.000   0.000  0.000   0.068 -0.015
 -9/2   0.052  0.000   0.001  0.000   0.000  0.000   0.000  0.000   0.000  0.000   0.000  0.000   0.713  0.000  -0.030  0.000   0.000  0.000
 -7/2   0.000  0.000   0.000  0.000   0.079  0.000   0.000  0.000   0.000  0.000   0.015  0.000   0.000  0.000   0.000  0.000   0.024  0.000
 -5/2   0.000  0.000   0.000  0.000   0.000  0.000   0.006  0.000   0.105  0.000   0.001  0.001   0.000  0.000   0.000  0.000   0.017 -0.004
 -3/2  -0.017  0.000   0.002  0.000   0.000  0.000   0.000  0.000   0.000  0.000   0.000  0.000   0.097  0.000  -0.665  0.000   0.000  0.000
 -1/2   0.000  0.000   0.000  0.000  -0.060  0.000   0.000  0.000   0.002 -0.002  -0.201  0.000   0.000  0.000   0.000  0.000   0.905  0.000
  1/2   0.000  0.000   0.000  0.000   0.000  0.000  -0.060  0.000  -0.201  0.000  -0.002 -0.002   0.000  0.000   0.000  0.000   0.331 -0.072
  3/2  -0.002  0.000  -0.017  0.000   0.000  0.000   0.000  0.000   0.000  0.000   0.000  0.000  -0.665  0.000  -0.097  0.000   0.000  0.000
  5/2   0.000  0.000   0.000  0.000  -0.006  0.000   0.000  0.000   0.001 -0.001  -0.105  0.000   0.000  0.000   0.000  0.000  -0.045  0.000
  7/2   0.000  0.000   0.000  0.000   0.000  0.000  -0.079  0.000  -0.015  0.000   0.000  0.000   0.000  0.000   0.000  0.000  -0.009  0.002
  9/2   0.001  0.000  -0.052  0.000   0.000  0.000   0.000  0.000   0.000  0.000   0.000  0.000   0.030  0.000   0.713  0.000   0.000  0.000
 11/2   0.000  0.000   0.000  0.000   0.006  0.000   0.000  0.000  -0.009  0.010   0.942  0.000   0.000  0.000   0.000  0.000   0.186  0.000
 13/2   0.000  0.000   0.000  0.000   0.004  0.001   0.974  0.000  -0.020  0.000   0.000  0.000   0.000  0.000   0.000  0.000   0.020 -0.004
 15/2   0.000  0.000   0.997  0.000   0.000  0.000   0.000  0.000   0.000  0.000   0.000  0.000  -0.012  0.000   0.034  0.000   0.000  0.000
admix       0.002949       0.002949       0.041983       0.041983       0.061074       0.061074       0.038740       0.038740       0.021186

  Mj     Level (eV)   10  -  16
          0.22814890     0.23954347     0.23954347     0.24929544     0.24929544     0.27076324     0.27076324
-15/2   0.000  0.000   0.000  0.000   0.000  0.000  -0.036  0.000   0.012  0.000   0.000  0.000   0.000  0.000
-13/2  -0.020 -0.004   0.045  0.000   0.036 -0.010   0.000  0.000   0.000  0.000   0.030 -0.004  -0.057  0.000
-11/2   0.186  0.000   0.064  0.017  -0.081  0.000   0.000  0.000   0.000  0.000  -0.052  0.000  -0.027 -0.003
 -9/2   0.000  0.000   0.000  0.000   0.000  0.000   0.668  0.000   0.046  0.000   0.000  0.000   0.000  0.000
 -7/2  -0.009 -0.002  -0.476  0.000  -0.375  0.101   0.000  0.000   0.000  0.000  -0.356  0.043   0.682  0.000
 -5/2   0.045  0.000  -0.467 -0.126   0.592  0.000   0.000  0.000   0.000  0.000   0.545  0.000   0.284  0.034
 -3/2   0.000  0.000   0.000  0.000   0.000  0.000  -0.185  0.000   0.700  0.000   0.000  0.000   0.000  0.000
 -1/2  -0.331 -0.072   0.025  0.000   0.019 -0.005   0.000  0.000   0.000  0.000  -0.001  0.000   0.002  0.000
  1/2   0.905  0.000   0.019  0.005  -0.025  0.000   0.000  0.000   0.000  0.000  -0.002  0.000  -0.001  0.000
  3/2   0.000  0.000   0.000  0.000   0.000  0.000   0.700  0.000   0.185  0.000   0.000  0.000   0.000  0.000
  5/2   0.017  0.004   0.592  0.000   0.467 -0.126   0.000  0.000   0.000  0.000  -0.284  0.034   0.545  0.000
  7/2  -0.024  0.000   0.375  0.101  -0.476  0.000   0.000  0.000   0.000  0.000   0.682  0.000   0.356  0.043
  9/2   0.000  0.000   0.000  0.000   0.000  0.000  -0.046  0.000   0.668  0.000   0.000  0.000   0.000  0.000
 11/2  -0.068 -0.015   0.081  0.000   0.064 -0.017   0.000  0.000   0.000  0.000  -0.027  0.003   0.052  0.000
 13/2   0.055  0.000   0.036  0.010  -0.045  0.000   0.000  0.000   0.000  0.000   0.057  0.000   0.030  0.004
 15/2   0.000  0.000   0.000  0.000   0.000  0.000   0.012  0.000   0.036  0.000   0.000  0.000   0.000  0.000
admix       0.021186       0.023257       0.023257       0.026796       0.026795       0.019162       0.019162



========================================
Formula: Er2Ti2O7_9_10
========================================
State-analysis with respect to free GS J= 7.5  (coefficients with real and imaginary parts)

  Mj     Level (eV)    1  -   9
          0.00000000     0.00000000     0.01221441     0.01221441     0.02692701     0.02692701     0.05106229     0.05106229     0.06365034
-15/2   0.000  0.000   0.000  0.000  -0.076  0.000  -0.013  0.000   0.000  0.000   0.000  0.000   0.000  0.000   0.000  0.000   0.000  0.000
-13/2  -0.197  0.000  -0.071  0.000   0.000  0.000   0.000  0.000   0.003  0.000   0.000  0.000   0.035  0.001   0.837  0.000   0.085 -0.002
-11/2   0.091  0.000  -0.254  0.000   0.000  0.000   0.000  0.000   0.044 -0.001   0.738  0.000  -0.363  0.000   0.015  0.000   0.480  0.000
 -9/2   0.000  0.000   0.000  0.000  -0.574  0.000  -0.268  0.000   0.000  0.000   0.000  0.000   0.000  0.000   0.000  0.000   0.000  0.000
 -7/2  -0.423  0.000  -0.152  0.000   0.000  0.000   0.000  0.000  -0.339  0.000   0.020  0.000  -0.006  0.000  -0.148  0.000   0.051 -0.001
 -5/2   0.126  0.000  -0.350  0.000   0.000  0.000   0.000  0.000  -0.032  0.000  -0.538  0.000  -0.338  0.000   0.014  0.000   0.247  0.000
 -3/2   0.000  0.000   0.000  0.000   0.689  0.000  -0.338  0.000   0.000  0.000   0.000  0.000   0.000  0.000   0.000  0.000   0.000  0.000
 -1/2   0.691  0.000   0.248  0.000   0.000  0.000   0.000  0.000  -0.209  0.000   0.012  0.000  -0.007  0.000  -0.158  0.000   0.110 -0.003
  1/2  -0.248  0.000   0.691  0.000   0.000  0.000   0.000  0.000  -0.012  0.000  -0.209  0.000  -0.158  0.000   0.007  0.000   0.610  0.000
  3/2   0.000  0.000   0.000  0.000   0.338  0.000   0.689  0.000   0.000  0.000   0.000  0.000   0.000  0.000   0.000  0.000   0.000  0.000
  5/2   0.350  0.000   0.126  0.000   0.000  0.000   0.000  0.000   0.538  0.000  -0.032  0.000   0.014  0.000   0.338  0.000  -0.045  0.001
  7/2  -0.152  0.000   0.423  0.000   0.000  0.000   0.000  0.000   0.020  0.000   0.339  0.000   0.148  0.000  -0.006  0.000  -0.283  0.000
  9/2   0.000  0.000   0.000  0.000  -0.268  0.000   0.574  0.000   0.000  0.000   0.000  0.000   0.000  0.000   0.000  0.000   0.000  0.000
 11/2  -0.254  0.000  -0.091  0.000   0.000  0.000   0.000  0.000   0.738  0.000  -0.044 -0.001  -0.015  0.000  -0.363  0.000   0.087 -0.002
 13/2   0.071  0.000  -0.197  0.000   0.000  0.000   0.000  0.000   0.000  0.000   0.003  0.000   0.837  0.000  -0.035  0.001   0.472  0.000
 15/2   0.000  0.000   0.000  0.000   0.013  0.000  -0.076  0.000   0.000  0.000   0.000  0.000   0.000  0.000   0.000  0.000   0.000  0.000
admix       0.002860       0.002860       0.003522       0.003522       0.003237       0.003237       0.005288       0.005288       0.002722

  Mj     Level (eV)   10  -  16
          0.06365034     0.07054914     0.07054914     0.07821262     0.07821262     0.17536812     0.17536812
-15/2   0.000  0.000   0.087  0.000  -0.033  0.000   0.000  0.000   0.000  0.000   0.992  0.000   0.000  0.000
-13/2   0.472  0.000   0.000  0.000   0.000  0.000   0.020 -0.001  -0.138  0.000   0.000  0.000   0.000  0.000
-11/2  -0.087 -0.002   0.000  0.000   0.000  0.000   0.084  0.000   0.012  0.000   0.000  0.000   0.000  0.000
 -9/2   0.000  0.000   0.762  0.000  -0.037  0.000   0.000  0.000   0.000  0.000  -0.116  0.000   0.010  0.000
 -7/2   0.283  0.000   0.000  0.000   0.000  0.000  -0.106  0.004   0.750  0.000   0.000  0.000   0.000  0.000
 -5/2  -0.045 -0.001   0.000  0.000   0.000  0.000   0.618  0.000   0.088  0.003   0.000  0.000   0.000  0.000
 -3/2   0.000  0.000   0.428  0.000   0.473  0.000   0.000  0.000   0.000  0.000   0.027  0.000   0.021  0.000
 -1/2   0.610  0.000   0.000  0.000   0.000  0.000  -0.011  0.000   0.077  0.000   0.000  0.000   0.000  0.000
  1/2  -0.110 -0.003   0.000  0.000   0.000  0.000  -0.077  0.000  -0.011  0.000   0.000  0.000   0.000  0.000
  3/2   0.000  0.000   0.473  0.000  -0.428  0.000   0.000  0.000   0.000  0.000  -0.021  0.000   0.027  0.000
  5/2  -0.247  0.000   0.000  0.000   0.000  0.000  -0.088  0.003   0.618  0.000   0.000  0.000   0.000  0.000
  7/2   0.051  0.001   0.000  0.000   0.000  0.000   0.750  0.000   0.106  0.004   0.000  0.000   0.000  0.000
  9/2   0.000  0.000   0.037  0.000   0.762  0.000   0.000  0.000   0.000  0.000   0.010  0.000   0.116  0.000
 11/2   0.480  0.000   0.000  0.000   0.000  0.000   0.012  0.000  -0.084  0.000   0.000  0.000   0.000  0.000
 13/2  -0.085 -0.002   0.000  0.000   0.000  0.000   0.138  0.000   0.020  0.001   0.000  0.000   0.000  0.000
 15/2   0.000  0.000  -0.033  0.000  -0.087  0.000   0.000  0.000   0.000  0.000   0.000  0.000   0.992  0.000
admix       0.002722       0.002594       0.002594       0.003446       0.003446       0.001541       0.001541



========================================
Formula: Er2Ti2O7_1_293
========================================
State-analysis with respect to free GS J= 7.5  (coefficients with real and imaginary parts)

  Mj     Level (eV)    1  -   9
          0.00000000     0.00000000     0.01173834     0.01173834     0.02592683     0.02592683     0.04955438     0.04955438     0.06075526
-15/2   0.000  0.000   0.000  0.000  -0.041  0.000  -0.063  0.000   0.000  0.000   0.000  0.000   0.000  0.000   0.000  0.000   0.000  0.000
-13/2  -0.207  0.000   0.011 -0.004   0.000  0.000   0.000  0.000   0.000  0.000   0.000  0.000   0.076 -0.037   0.795  0.000  -0.031  0.031
-11/2  -0.015 -0.005  -0.277  0.000   0.000  0.000   0.000  0.000  -0.017  0.001   0.726  0.000  -0.402  0.000   0.038  0.018   0.471  0.000
 -9/2   0.000  0.000   0.000  0.000  -0.477  0.000  -0.412  0.000   0.000  0.000   0.000  0.000   0.000  0.000   0.000  0.000   0.000  0.000
 -7/2  -0.444  0.000   0.024 -0.009   0.000  0.000   0.000  0.000  -0.354  0.000  -0.008 -0.001  -0.015  0.007  -0.152  0.000  -0.017  0.016
 -5/2  -0.020 -0.007  -0.370  0.000   0.000  0.000   0.000  0.000   0.013 -0.001  -0.546  0.000  -0.357  0.000   0.034  0.016   0.207  0.000
 -3/2   0.000  0.000   0.000  0.000  -0.043  0.000   0.769  0.000   0.000  0.000   0.000  0.000   0.000  0.000   0.000  0.000   0.000  0.000
 -1/2   0.735  0.000  -0.040  0.015   0.000  0.000   0.000  0.000  -0.215  0.000  -0.005  0.000  -0.019  0.009  -0.199  0.000  -0.036  0.034
  1/2   0.040  0.015   0.735  0.000   0.000  0.000   0.000  0.000   0.005  0.000  -0.215  0.000  -0.199  0.000   0.019  0.009   0.602  0.000
  3/2   0.000  0.000   0.000  0.000   0.769  0.000   0.043  0.000   0.000  0.000   0.000  0.000   0.000  0.000   0.000  0.000   0.000  0.000
  5/2   0.370  0.000  -0.020  0.007   0.000  0.000   0.000  0.000   0.546  0.000   0.013  0.001   0.034 -0.016   0.357  0.000   0.012 -0.012
  7/2   0.024  0.009   0.444  0.000   0.000  0.000   0.000  0.000  -0.008  0.001   0.354  0.000   0.152  0.000  -0.015 -0.007  -0.280  0.000
  9/2   0.000  0.000   0.000  0.000   0.412  0.000  -0.477  0.000   0.000  0.000   0.000  0.000   0.000  0.000   0.000  0.000   0.000  0.000
 11/2  -0.277  0.000   0.015 -0.005   0.000  0.000   0.000  0.000   0.726  0.000   0.017  0.001  -0.038  0.018  -0.402  0.000  -0.028  0.027
 13/2  -0.011 -0.004  -0.207  0.000   0.000  0.000   0.000  0.000   0.000  0.000   0.000  0.000   0.795  0.000  -0.076 -0.037   0.534  0.000
 15/2   0.000  0.000   0.000  0.000  -0.063  0.000   0.041  0.000   0.000  0.000   0.000  0.000   0.000  0.000   0.000  0.000   0.000  0.000
admix       0.002695       0.002695       0.003320       0.003320       0.003090       0.003090       0.004899       0.004899       0.002833

  Mj     Level (eV)   10  -  16
          0.06075526     0.06718065     0.06718065     0.07495438     0.07495438     0.17252985     0.17252985
-15/2   0.000  0.000  -0.042  0.000   0.079  0.000   0.000  0.000   0.000  0.000   0.001  0.000   0.992  0.000
-13/2   0.534  0.000   0.000  0.000   0.000  0.000  -0.029  0.001  -0.156  0.000   0.000  0.000   0.000  0.000
-11/2   0.028  0.027   0.000  0.000   0.000  0.000   0.080  0.000  -0.015 -0.001   0.000  0.000   0.000  0.000
 -9/2   0.000  0.000  -0.131  0.000   0.755  0.000   0.000  0.000   0.000  0.000   0.009  0.000  -0.112  0.000
 -7/2   0.280  0.000   0.000  0.000   0.000  0.000   0.140 -0.006   0.743  0.000   0.000  0.000   0.000  0.000
 -5/2   0.012  0.012   0.000  0.000   0.000  0.000   0.613  0.000  -0.115 -0.005   0.000  0.000   0.000  0.000
 -3/2   0.000  0.000   0.425  0.000   0.471  0.000   0.000  0.000   0.000  0.000   0.020  0.000   0.027  0.000
 -1/2   0.602  0.000   0.000  0.000   0.000  0.000   0.013  0.000   0.067  0.000   0.000  0.000   0.000  0.000
  1/2   0.036  0.034   0.000  0.000   0.000  0.000  -0.067  0.000   0.013  0.000   0.000  0.000   0.000  0.000
  3/2   0.000  0.000  -0.471  0.000   0.425  0.000   0.000  0.000   0.000  0.000   0.027  0.000  -0.020  0.000
  5/2  -0.207  0.000   0.000  0.000   0.000  0.000   0.115 -0.005   0.613  0.000   0.000  0.000   0.000  0.000
  7/2  -0.017 -0.016   0.000  0.000   0.000  0.000   0.743  0.000  -0.140 -0.006   0.000  0.000   0.000  0.000
  9/2   0.000  0.000   0.755  0.000   0.131  0.000   0.000  0.000   0.000  0.000   0.112  0.000   0.009  0.000
 11/2   0.471  0.000   0.000  0.000   0.000  0.000  -0.015  0.001  -0.080  0.000   0.000  0.000   0.000  0.000
 13/2   0.031  0.031   0.000  0.000   0.000  0.000   0.156  0.000  -0.029 -0.001   0.000  0.000   0.000  0.000
 15/2   0.000  0.000  -0.079  0.000  -0.042  0.000   0.000  0.000   0.000  0.000   0.992  0.000  -0.001  0.000
admix       0.002833       0.002524       0.002524       0.003364       0.003364       0.001430       0.001430



========================================
Formula: Sm2Zr2O7_7_295
========================================
State-analysis with respect to free GS J= 2.5  (coefficients with real and imaginary parts)

  Mj     Level (eV)    1  -   6
          0.00000000     0.00000000     0.01324182     0.01324182     0.06634294     0.06634294
 -5/2   0.022  0.000  -0.033  0.000   0.000  0.000   0.000  0.000   0.641  0.000   0.046 -0.003
 -3/2   0.000  0.000   0.000  0.000  -0.523  0.000   0.780  0.000   0.000  0.000   0.000  0.000
 -1/2   0.792  0.000   0.525  0.004   0.000  0.000   0.000  0.000  -0.005  0.000   0.067  0.000
  1/2  -0.525  0.004   0.792  0.000   0.000  0.000   0.000  0.000  -0.067  0.000  -0.005  0.000
  3/2   0.000  0.000   0.000  0.000   0.780  0.000   0.523  0.000   0.000  0.000   0.000  0.000
  5/2   0.033  0.000   0.022  0.000   0.000  0.000   0.000  0.000  -0.046 -0.003   0.641  0.000
admix       0.095967       0.095965       0.118134       0.118132       0.583061       0.583066



========================================
Formula: Er2Pt2O7_13
========================================
State-analysis with respect to free GS J= 7.5  (coefficients with real and imaginary parts)

  Mj     Level (eV)    1  -   9
          0.00000000     0.00000000     0.01224615     0.01224615     0.02721884     0.02721884     0.05133458     0.05133458     0.06502588
-15/2   0.000  0.000   0.000  0.000  -0.007  0.000  -0.079  0.000   0.000  0.000   0.000  0.000   0.000  0.000   0.000  0.000   0.000  0.000
-13/2   0.140 -0.004  -0.148  0.000   0.000  0.000   0.000  0.000   0.016  0.000   0.000  0.000   0.004  0.000   0.869  0.000   0.340  0.000
-11/2  -0.181  0.000  -0.172 -0.005   0.000  0.000   0.000  0.000   0.021 -0.001   0.753  0.000  -0.331  0.000   0.002  0.000  -0.303  0.004
 -9/2   0.000  0.000   0.000  0.000  -0.211  0.000  -0.597  0.000   0.000  0.000   0.000  0.000   0.000  0.000   0.000  0.000   0.000  0.000
 -7/2   0.314 -0.010  -0.332  0.000   0.000  0.000   0.000  0.000  -0.314  0.000   0.009  0.000  -0.001  0.000  -0.146  0.000   0.235  0.000
 -5/2  -0.274  0.000  -0.259 -0.008   0.000  0.000   0.000  0.000  -0.015  0.000  -0.535  0.000  -0.306  0.000   0.001  0.000  -0.180  0.002
 -3/2   0.000  0.000   0.000  0.000  -0.376  0.000   0.669  0.000   0.000  0.000   0.000  0.000   0.000  0.000   0.000  0.000   0.000  0.000
 -1/2  -0.506  0.016   0.535  0.000   0.000  0.000   0.000  0.000  -0.210  0.000   0.006  0.000  -0.001  0.000  -0.119  0.000   0.496  0.000
  1/2   0.535  0.000   0.506  0.016   0.000  0.000   0.000  0.000  -0.006  0.000  -0.210  0.000  -0.119  0.000   0.001  0.000  -0.380  0.005
  3/2   0.000  0.000   0.000  0.000   0.669  0.000   0.376  0.000   0.000  0.000   0.000  0.000   0.000  0.000   0.000  0.000   0.000  0.000
  5/2  -0.259  0.008   0.274  0.000   0.000  0.000   0.000  0.000   0.535  0.000  -0.015  0.000   0.001  0.000   0.306  0.000  -0.235  0.000
  7/2   0.332  0.000   0.314  0.010   0.000  0.000   0.000  0.000   0.009  0.000   0.314  0.000   0.146  0.000  -0.001  0.000   0.180 -0.002
  9/2   0.000  0.000   0.000  0.000   0.597  0.000  -0.211  0.000   0.000  0.000   0.000  0.000   0.000  0.000   0.000  0.000   0.000  0.000
 11/2   0.172 -0.005  -0.181  0.000   0.000  0.000   0.000  0.000   0.753  0.000  -0.021 -0.001  -0.002  0.000  -0.331  0.000   0.396  0.000
 13/2  -0.148  0.000  -0.140 -0.004   0.000  0.000   0.000  0.000   0.000  0.000   0.016  0.000   0.869  0.000  -0.004  0.000  -0.261  0.004
 15/2   0.000  0.000   0.000  0.000  -0.079  0.000   0.007  0.000   0.000  0.000   0.000  0.000   0.000  0.000   0.000  0.000   0.000  0.000
admix       0.002858       0.002858       0.003493       0.003493       0.003140       0.003140       0.005214       0.005214       0.002451

  Mj     Level (eV)   10  -  16
          0.06502588     0.07178069     0.07178069     0.07851172     0.07851172     0.17093342     0.17093342
-15/2   0.000  0.000  -0.031  0.000   0.091  0.000   0.000  0.000   0.000  0.000   0.991  0.000   0.011  0.000
-13/2   0.261  0.004   0.000  0.000   0.000  0.000   0.002  0.000  -0.114  0.000   0.000  0.000   0.000  0.000
-11/2   0.396  0.000   0.000  0.000   0.000  0.000   0.097  0.000   0.002  0.000   0.000  0.000   0.000  0.000
 -9/2   0.000  0.000  -0.008  0.000   0.762  0.000   0.000  0.000   0.000  0.000  -0.120  0.000   0.009  0.000
 -7/2   0.180  0.002   0.000  0.000   0.000  0.000  -0.014  0.003   0.761  0.000   0.000  0.000   0.000  0.000
 -5/2   0.235  0.000   0.000  0.000   0.000  0.000   0.622  0.000   0.012  0.002   0.000  0.000   0.000  0.000
 -3/2   0.000  0.000   0.472  0.000   0.430  0.000   0.000  0.000   0.000  0.000   0.026  0.000   0.023  0.000
 -1/2   0.380  0.005   0.000  0.000   0.000  0.000  -0.002  0.000   0.091  0.000   0.000  0.000   0.000  0.000
  1/2   0.496  0.000   0.000  0.000   0.000  0.000  -0.091  0.000  -0.002  0.000   0.000  0.000   0.000  0.000
  3/2   0.000  0.000  -0.430  0.000   0.472  0.000   0.000  0.000   0.000  0.000  -0.023  0.000   0.026  0.000
  5/2  -0.180 -0.002   0.000  0.000   0.000  0.000  -0.012  0.002   0.622  0.000   0.000  0.000   0.000  0.000
  7/2  -0.235  0.000   0.000  0.000   0.000  0.000   0.761  0.000   0.014  0.003   0.000  0.000   0.000  0.000
  9/2   0.000  0.000   0.762  0.000   0.008  0.000   0.000  0.000   0.000  0.000   0.009  0.000   0.120  0.000
 11/2   0.303  0.004   0.000  0.000   0.000  0.000   0.002  0.000  -0.097  0.000   0.000  0.000   0.000  0.000
 13/2   0.340  0.000   0.000  0.000   0.000  0.000   0.114  0.000   0.002  0.000   0.000  0.000   0.000  0.000
 15/2   0.000  0.000  -0.091  0.000  -0.031  0.000   0.000  0.000   0.000  0.000  -0.011  0.000   0.991  0.000
admix       0.002451       0.002451       0.002451       0.003235       0.003235       0.001536       0.001536



========================================
Formula: Gd2Ir2O7_13
========================================
State-analysis with respect to free GS J= 3.5  (coefficients with real and imaginary parts)

  Mj     Level (eV)    1  -   8
          0.00000000     0.00000000     0.00018224     0.00018224     0.00030757     0.00030757     0.00037145     0.00037145
 -7/2   0.000  0.000   1.000  0.000   0.000  0.000   0.000  0.000   0.000  0.000   0.000  0.000   0.000  0.000   0.002  0.000
 -5/2   0.000  0.000   0.000  0.000   0.998  0.000   0.066  0.000   0.000  0.000   0.000  0.000   0.003  0.000   0.000  0.000
 -3/2   0.000  0.000   0.000  0.000   0.000  0.000   0.000  0.000  -0.012 -0.008   1.000  0.000   0.000  0.000   0.000  0.000
 -1/2   0.000  0.000  -0.002  0.000   0.000  0.000   0.003  0.000   0.000  0.000   0.000  0.000   0.000  0.000   1.000  0.000
  1/2   0.002  0.000   0.000  0.000  -0.003  0.000   0.000  0.000   0.000  0.000   0.000  0.000   1.000  0.000   0.000  0.000
  3/2   0.000  0.000   0.000  0.000   0.000  0.000   0.000  0.000   1.000  0.000   0.012 -0.008   0.000  0.000   0.000  0.000
  5/2   0.000  0.000   0.000  0.000  -0.066  0.000   0.998  0.000   0.000  0.000   0.000  0.000   0.000  0.000  -0.003  0.000
  7/2   1.000  0.000   0.000  0.000   0.000  0.000   0.000  0.000   0.000  0.000   0.000  0.000  -0.002  0.000   0.000  0.000
admix       0.000295       0.000295       0.000309       0.000309       0.000319       0.000319       0.000324       0.000324



========================================
Formula: Y2Pt2O7_13
========================================
State-analysis with respect to free GS J= 0.0  (coefficients with real and imaginary parts)

  Mj     Level (eV)    1  -   1
          0.00000000
  0     1.000  0.000
admix       0.000000



========================================
Formula: Y2Ir2O7_2_290
========================================
State-analysis with respect to free GS J= 0.0  (coefficients with real and imaginary parts)

  Mj     Level (eV)    1  -   1
          0.00000000
  0     1.000  0.000
admix       0.000000



========================================
Formula: Er2Ge2O7_9_10
========================================
State-analysis with respect to free GS J= 7.5  (coefficients with real and imaginary parts)

  Mj     Level (eV)    1  -   9
          0.00000000     0.00000000     0.01289411     0.01289411     0.02806647     0.02806647     0.05283626     0.05283626     0.06594017
-15/2   0.000  0.000   0.000  0.000  -0.005  0.000  -0.077  0.000   0.000  0.000   0.000  0.000   0.000  0.000   0.000  0.000   0.000  0.000
-13/2   0.034  0.003  -0.214  0.000   0.000  0.000   0.000  0.000  -0.012  0.000   0.000  0.000   0.232 -0.008   0.790  0.000   0.127  0.004
-11/2  -0.286  0.000  -0.046  0.004   0.000  0.000   0.000  0.000  -0.007  0.003   0.731  0.000  -0.355  0.000   0.104  0.003   0.469  0.000
 -9/2   0.000  0.000   0.000  0.000  -0.213  0.000  -0.598  0.000   0.000  0.000   0.000  0.000   0.000  0.000   0.000  0.000   0.000  0.000
 -7/2   0.070  0.006  -0.437  0.000   0.000  0.000   0.000  0.000  -0.359  0.000  -0.003 -0.002  -0.042  0.001  -0.143  0.000   0.072  0.002
 -5/2  -0.362  0.000  -0.058  0.005   0.000  0.000   0.000  0.000   0.005 -0.002  -0.540  0.000  -0.343  0.000   0.101  0.003   0.221  0.000
 -3/2   0.000  0.000   0.000  0.000  -0.422  0.000   0.640  0.000   0.000  0.000   0.000  0.000   0.000  0.000   0.000  0.000   0.000  0.000
 -1/2  -0.116 -0.010   0.723  0.000   0.000  0.000   0.000  0.000  -0.202  0.000  -0.002 -0.001  -0.048  0.002  -0.164  0.000   0.160  0.004
  1/2   0.723  0.000   0.116 -0.010   0.000  0.000   0.000  0.000   0.002 -0.001  -0.202  0.000  -0.164  0.000   0.048  0.002   0.601  0.000
  3/2   0.000  0.000   0.000  0.000   0.640  0.000   0.422  0.000   0.000  0.000   0.000  0.000   0.000  0.000   0.000  0.000   0.000  0.000
  5/2  -0.058 -0.005   0.362  0.000   0.000  0.000   0.000  0.000   0.540  0.000   0.005  0.002   0.101 -0.003   0.343  0.000  -0.059 -0.002
  7/2   0.437  0.000   0.070 -0.006   0.000  0.000   0.000  0.000  -0.003  0.002   0.359  0.000   0.143  0.000  -0.042 -0.001  -0.269  0.000
  9/2   0.000  0.000   0.000  0.000   0.598  0.000  -0.213  0.000   0.000  0.000   0.000  0.000   0.000  0.000   0.000  0.000   0.000  0.000
 11/2   0.046  0.004  -0.286  0.000   0.000  0.000   0.000  0.000   0.731  0.000   0.007  0.003  -0.104  0.003  -0.355  0.000   0.125  0.004
 13/2  -0.214  0.000  -0.034  0.003   0.000  0.000   0.000  0.000   0.000  0.000  -0.012  0.000   0.790  0.000  -0.232 -0.008   0.479  0.000
 15/2   0.000  0.000   0.000  0.000  -0.077  0.000   0.005  0.000   0.000  0.000   0.000  0.000   0.000  0.000   0.000  0.000   0.000  0.000
admix       0.003111       0.003111       0.003884       0.003883       0.003632       0.003632       0.005892       0.005892       0.003122

  Mj     Level (eV)   10  -  16
          0.06594017     0.07361464     0.07361464     0.08259874     0.08259874     0.18695109     0.18695109
-15/2   0.000  0.000  -0.023  0.000   0.090  0.000   0.000  0.000   0.000  0.000   0.992  0.000  -0.009  0.000
-13/2   0.479  0.000   0.000  0.000   0.000  0.000   0.000  0.000  -0.152  0.000   0.000  0.000   0.000  0.000
-11/2  -0.125  0.004   0.000  0.000   0.000  0.000   0.073  0.000   0.000  0.000   0.000  0.000   0.000  0.000
 -9/2   0.000  0.000   0.059  0.000   0.759  0.000   0.000  0.000   0.000  0.000  -0.115  0.000   0.011  0.000
 -7/2   0.269  0.000   0.000  0.000   0.000  0.000   0.001 -0.001   0.756  0.000   0.000  0.000   0.000  0.000
 -5/2  -0.059  0.002   0.000  0.000   0.000  0.000   0.625  0.000  -0.001 -0.001   0.000  0.000   0.000  0.000
 -3/2   0.000  0.000   0.536  0.000   0.349  0.000   0.000  0.000   0.000  0.000   0.028  0.000   0.021  0.000
 -1/2   0.601  0.000   0.000  0.000   0.000  0.000   0.000  0.000   0.070  0.000   0.000  0.000   0.000  0.000
  1/2  -0.160  0.004   0.000  0.000   0.000  0.000  -0.070  0.000   0.000  0.000   0.000  0.000   0.000  0.000
  3/2   0.000  0.000  -0.349  0.000   0.536  0.000   0.000  0.000   0.000  0.000  -0.021  0.000   0.028  0.000
  5/2  -0.221  0.000   0.000  0.000   0.000  0.000   0.001 -0.001   0.625  0.000   0.000  0.000   0.000  0.000
  7/2   0.072 -0.002   0.000  0.000   0.000  0.000   0.756  0.000  -0.001 -0.001   0.000  0.000   0.000  0.000
  9/2   0.000  0.000   0.759  0.000  -0.059  0.000   0.000  0.000   0.000  0.000   0.011  0.000   0.115  0.000
 11/2   0.469  0.000   0.000  0.000   0.000  0.000   0.000  0.000  -0.073  0.000   0.000  0.000   0.000  0.000
 13/2  -0.127  0.004   0.000  0.000   0.000  0.000   0.152  0.000   0.000  0.000   0.000  0.000   0.000  0.000
 15/2   0.000  0.000  -0.090  0.000  -0.023  0.000   0.000  0.000   0.000  0.000   0.009  0.000   0.992  0.000
admix       0.003122       0.002958       0.002958       0.003947       0.003947       0.001722       0.001722



========================================
Formula: Eu2Pt2O7_13
========================================
State-analysis with respect to free GS J= 0.0  (coefficients with real and imaginary parts)

  Mj     Level (eV)    1  -   1
          0.00000000
  0     0.702  0.000
admix       0.507401



========================================
Formula: Y2Ti2O7_1_293
========================================
State-analysis with respect to free GS J= 0.0  (coefficients with real and imaginary parts)

  Mj     Level (eV)    1  -   1
          0.00000000
  0     1.000  0.000
admix       0.000000



========================================
Formula: Y2Sn2O7_13
========================================
State-analysis with respect to free GS J= 0.0  (coefficients with real and imaginary parts)

  Mj     Level (eV)    1  -   1
          0.00000000
  0     1.000  0.000
admix       0.000000



========================================
Formula: Sm2Mo2O7_13
========================================
State-analysis with respect to free GS J= 2.5  (coefficients with real and imaginary parts)

  Mj     Level (eV)    1  -   6
          0.00000000     0.00000000     0.01276551     0.01276551     0.06463599     0.06463599
 -5/2   0.001  0.000  -0.033  0.000   0.000  0.000   0.000  0.000   0.181  0.001   0.603  0.000
 -3/2   0.000  0.000   0.000  0.000   0.811  0.000  -0.462  0.000   0.000  0.000   0.000  0.000
 -1/2   0.941  0.000   0.015  0.000   0.000  0.000   0.000  0.000   0.078  0.000  -0.023  0.000
  1/2  -0.015  0.000   0.941  0.000   0.000  0.000   0.000  0.000  -0.023  0.000  -0.078  0.000
  3/2   0.000  0.000   0.000  0.000   0.462  0.000   0.811  0.000   0.000  0.000   0.000  0.000
  5/2   0.033  0.000   0.001  0.000   0.000  0.000   0.000  0.000   0.603  0.000  -0.181  0.001
admix       0.113432       0.113427       0.129911       0.129912       0.597729       0.597725



========================================
Formula: Pr2Zr2O7_5_20
========================================
State-analysis with respect to free GS J= 4.0  (coefficients with real and imaginary parts)

  Mj     Level (eV)    1  -   9
          0.00000000     0.00000000     0.01757713     0.05993209     0.05993209     0.11571939     0.15582760     0.20101625     0.20101625
 -4     0.674  0.000  -0.347  0.460   0.000  0.000  -0.181  0.000   0.014  0.153   0.000  0.000   0.000  0.000  -0.018 -0.027   0.204  0.000
 -3     0.000  0.000   0.000  0.000  -0.102  0.000   0.000  0.000   0.000  0.000  -0.674  0.000   0.608  0.000   0.000  0.000   0.000  0.000
 -2    -0.060 -0.080  -0.117  0.000   0.000  0.000  -0.018  0.193  -0.229  0.000   0.000  0.000   0.000  0.000   0.721  0.000   0.062 -0.094
 -1     0.264  0.000  -0.136  0.181   0.000  0.000   0.586  0.000  -0.047 -0.495   0.000  0.000   0.000  0.000   0.026  0.040  -0.305  0.000
  0     0.000  0.000   0.000  0.000   0.960  0.000   0.000  0.000   0.000  0.000  -0.168  0.000   0.000  0.000   0.000  0.000   0.000  0.000
  1    -0.136 -0.181  -0.264  0.000   0.000  0.000   0.047 -0.495   0.586  0.000   0.000  0.000   0.000  0.000   0.305  0.000   0.026 -0.040
  2    -0.117  0.000   0.060 -0.080   0.000  0.000   0.229  0.000  -0.018 -0.193   0.000  0.000   0.000  0.000  -0.062 -0.094   0.721  0.000
  3     0.000  0.000   0.000  0.000   0.102  0.000   0.000  0.000   0.000  0.000   0.674  0.000   0.608  0.000   0.000  0.000   0.000  0.000
  4     0.347  0.460   0.674  0.000   0.000  0.000   0.014 -0.153   0.181  0.000   0.000  0.000   0.000  0.000   0.204  0.000   0.018 -0.027
admix       0.068588       0.068588       0.057855       0.263017       0.263017       0.064170       0.259714       0.328680       0.328681



========================================
Formula: Y2Ti2O7_13
========================================
State-analysis with respect to free GS J= 0.0  (coefficients with real and imaginary parts)

  Mj     Level (eV)    1  -   1
          0.00000000
  0     1.000  0.000
admix       0.000000



========================================
Formula: Yb2Ti2O7_1_293
========================================
State-analysis with respect to free GS J= 3.5  (coefficients with real and imaginary parts)

  Mj     Level (eV)    1  -   8
          0.00000000     0.00000000     0.14817392     0.14817392     0.33267081     0.33267081     0.52310050     0.52310050
 -7/2   0.044  0.000  -0.002  0.000   0.000  0.000   0.000  0.000  -0.063  0.000   0.000  0.000   0.000  0.000   0.996  0.000
 -5/2   0.001  0.000   0.014  0.000   0.000  0.000   0.000  0.000  -0.001  0.000   0.996  0.000   0.062  0.000   0.000  0.000
 -3/2   0.000  0.000   0.000  0.000  -0.001  0.000   0.997  0.000   0.000  0.000   0.000  0.000   0.000  0.000   0.000  0.000
 -1/2   0.996  0.000  -0.040  0.000   0.000  0.000   0.000  0.000   0.017  0.000   0.000  0.000   0.000  0.000  -0.045  0.000
  1/2   0.040  0.000   0.996  0.000   0.000  0.000   0.000  0.000   0.000  0.000  -0.017  0.000   0.045  0.000   0.000  0.000
  3/2   0.000  0.000   0.000  0.000   0.997  0.000   0.001  0.000   0.000  0.000   0.000  0.000   0.000  0.000   0.000  0.000
  5/2  -0.014  0.000   0.001  0.000   0.000  0.000   0.000  0.000   0.996  0.000   0.001  0.000   0.000  0.000   0.062  0.000
  7/2  -0.002  0.000  -0.044  0.000   0.000  0.000   0.000  0.000   0.000  0.000  -0.063  0.000   0.996  0.000   0.000  0.000
admix       0.004270       0.004270       0.005569       0.005569       0.003100       0.003100       0.001566       0.001566



========================================
Formula: Eu2Ti2O7_13
========================================
State-analysis with respect to free GS J= 0.0  (coefficients with real and imaginary parts)

  Mj     Level (eV)    1  -   1
          0.00000000
  0     0.697  0.000
admix       0.514379



========================================
Formula: Gd2Zr2O7_7_295
========================================
State-analysis with respect to free GS J= 3.5  (coefficients with real and imaginary parts)

  Mj     Level (eV)    1  -   8
          0.00000000     0.00000000     0.00016580     0.00016580     0.00027965     0.00027965     0.00033764     0.00033764
 -7/2   0.000  0.000   1.000  0.000   0.000  0.000   0.000  0.000   0.000  0.000   0.000  0.000   0.000  0.000   0.003  0.000
 -5/2   0.000  0.000   0.000  0.000   1.000  0.000   0.000  0.000   0.000  0.000   0.000  0.000   0.004  0.000   0.000  0.000
 -3/2   0.000  0.000   0.000  0.000   0.000  0.000   0.000  0.000   0.005 -0.001   1.000  0.000   0.000  0.000   0.000  0.000
 -1/2   0.000  0.000  -0.003  0.000   0.000  0.000   0.004  0.000   0.000  0.000   0.000  0.000   0.000  0.000   1.000  0.000
  1/2   0.003  0.000   0.000  0.000  -0.004  0.000   0.000  0.000   0.000  0.000   0.000  0.000   1.000  0.000   0.000  0.000
  3/2   0.000  0.000   0.000  0.000   0.000  0.000   0.000  0.000   1.000  0.000  -0.005 -0.001   0.000  0.000   0.000  0.000
  5/2   0.000  0.000   0.000  0.000   0.000  0.000   1.000  0.000   0.000  0.000   0.000  0.000   0.000  0.000  -0.004  0.000
  7/2   1.000  0.000   0.000  0.000   0.000  0.000   0.000  0.000   0.000  0.000   0.000  0.000  -0.003  0.000   0.000  0.000
admix       0.000296       0.000296       0.000309       0.000309       0.000318       0.000318       0.000323       0.000323



========================================
Formula: Eu2Sn2O7_13
========================================
State-analysis with respect to free GS J= 0.0  (coefficients with real and imaginary parts)

  Mj     Level (eV)    1  -   1
          0.00000000
  0     0.712  0.000
admix       0.493250



========================================
Formula: Lu2Ti2O7_1_293
========================================
State-analysis with respect to free GS J= 0.0  (coefficients with real and imaginary parts)

  Mj     Level (eV)    1  -   1
          0.00000000
  0     1.000  0.000
admix       0.000000



========================================
Formula: Ce2Sn2O7_4_300
========================================
State-analysis with respect to free GS J= 2.5  (coefficients with real and imaginary parts)

  Mj     Level (eV)    1  -   6
          0.00000000     0.00000000     0.04190843     0.04190843     0.15131207     0.15131207
 -5/2   0.000  0.000   0.000  0.000   0.000  0.000   0.976  0.000   0.065  0.000  -0.018  0.000
 -3/2   0.122 -0.010   0.980  0.000   0.000  0.000   0.000  0.000   0.000  0.000   0.000  0.000
 -1/2   0.000  0.000   0.000  0.000   0.111  0.000   0.000  0.000   0.256  0.000   0.915  0.000
  1/2   0.000  0.000   0.000  0.000   0.000  0.000  -0.111  0.000   0.915  0.000  -0.256  0.000
  3/2   0.980  0.000  -0.122 -0.010   0.000  0.000   0.000  0.000   0.000  0.000   0.000  0.000
  5/2   0.000  0.000   0.000  0.000   0.976  0.000   0.000  0.000  -0.018  0.000  -0.065  0.000
admix       0.024142       0.024142       0.035652       0.035652       0.092546       0.092547



========================================
Formula: Er2Ti2O7_13
========================================
State-analysis with respect to free GS J= 7.5  (coefficients with real and imaginary parts)

  Mj     Level (eV)    1  -   9
          0.00000000     0.00000000     0.01213721     0.01213721     0.02682942     0.02682942     0.05088145     0.05088145     0.06356710
-15/2   0.000  0.000   0.000  0.000   0.013  0.000   0.077  0.000   0.000  0.000   0.000  0.000   0.000  0.000   0.000  0.000   0.000  0.000
-13/2   0.026 -0.002  -0.206  0.000   0.000  0.000   0.000  0.000   0.007  0.000   0.001  0.000   0.098 -0.006   0.839  0.000  -0.224 -0.005
-11/2  -0.262  0.000  -0.034 -0.002   0.000  0.000   0.000  0.000  -0.057 -0.001   0.741  0.000  -0.354  0.000   0.041  0.002   0.431  0.000
 -9/2   0.000  0.000   0.000  0.000  -0.059  0.000   0.631  0.000   0.000  0.000   0.000  0.000   0.000  0.000   0.000  0.000   0.000  0.000
 -7/2   0.058 -0.003  -0.448  0.000   0.000  0.000   0.000  0.000  -0.332  0.000  -0.026  0.000  -0.017  0.001  -0.147  0.000  -0.138 -0.003
 -5/2  -0.371  0.000  -0.048 -0.003   0.000  0.000   0.000  0.000   0.042  0.001  -0.537  0.000  -0.329  0.000   0.038  0.002   0.230  0.000
 -3/2   0.000  0.000   0.000  0.000  -0.545  0.000  -0.541  0.000   0.000  0.000   0.000  0.000   0.000  0.000   0.000  0.000   0.000  0.000
 -1/2  -0.094  0.006   0.729  0.000   0.000  0.000   0.000  0.000  -0.209  0.000  -0.016  0.000  -0.017  0.001  -0.149  0.000  -0.296 -0.006
  1/2   0.729  0.000   0.094  0.006   0.000  0.000   0.000  0.000   0.016  0.000  -0.209  0.000  -0.149  0.000   0.017  0.001   0.545  0.000
  3/2   0.000  0.000   0.000  0.000   0.541  0.000  -0.545  0.000   0.000  0.000   0.000  0.000   0.000  0.000   0.000  0.000   0.000  0.000
  5/2  -0.048  0.003   0.371  0.000   0.000  0.000   0.000  0.000   0.537  0.000   0.042 -0.001   0.038 -0.002   0.329  0.000   0.125  0.003
  7/2   0.448  0.000   0.058  0.003   0.000  0.000   0.000  0.000  -0.026  0.000   0.332  0.000   0.147  0.000  -0.017 -0.001  -0.255  0.000
  9/2   0.000  0.000   0.000  0.000   0.631  0.000   0.059  0.000   0.000  0.000   0.000  0.000   0.000  0.000   0.000  0.000   0.000  0.000
 11/2   0.034 -0.002  -0.262  0.000   0.000  0.000   0.000  0.000   0.741  0.000   0.057 -0.001  -0.041  0.002  -0.354  0.000  -0.234 -0.005
 13/2  -0.206  0.000  -0.026 -0.002   0.000  0.000   0.000  0.000  -0.001  0.000   0.007  0.000   0.839  0.000  -0.098 -0.006   0.412  0.000
 15/2   0.000  0.000   0.000  0.000  -0.077  0.000   0.013  0.000   0.000  0.000   0.000  0.000   0.000  0.000   0.000  0.000   0.000  0.000
admix       0.002829       0.002829       0.003475       0.003475       0.003176       0.003176       0.005210       0.005210       0.002631

  Mj     Level (eV)   10  -  16
          0.06356710     0.07035935     0.07035935     0.07772095     0.07772095     0.17328430     0.17328430
-15/2   0.000  0.000  -0.033  0.000   0.088  0.000   0.000  0.000   0.000  0.000   0.001  0.000   0.992  0.000
-13/2   0.412  0.000   0.000  0.000   0.000  0.000   0.001  0.001  -0.133  0.000   0.000  0.000   0.000  0.000
-11/2   0.234 -0.005   0.000  0.000   0.000  0.000   0.088  0.000   0.001  0.000   0.000  0.000   0.000  0.000
 -9/2   0.000  0.000  -0.035  0.000   0.762  0.000   0.000  0.000   0.000  0.000   0.010  0.000  -0.116  0.000
 -7/2   0.255  0.000   0.000  0.000   0.000  0.000  -0.005 -0.003   0.759  0.000   0.000  0.000   0.000  0.000
 -5/2   0.125 -0.003   0.000  0.000   0.000  0.000   0.624  0.000   0.004 -0.003   0.000  0.000   0.000  0.000
 -3/2   0.000  0.000   0.469  0.000   0.432  0.000   0.000  0.000   0.000  0.000   0.021  0.000   0.027  0.000
 -1/2   0.545  0.000   0.000  0.000   0.000  0.000  -0.001  0.000   0.080  0.000   0.000  0.000   0.000  0.000
  1/2   0.296 -0.006   0.000  0.000   0.000  0.000  -0.080  0.000  -0.001  0.000   0.000  0.000   0.000  0.000
  3/2   0.000  0.000  -0.432  0.000   0.469  0.000   0.000  0.000   0.000  0.000   0.027  0.000  -0.021  0.000
  5/2  -0.230  0.000   0.000  0.000   0.000  0.000  -0.004 -0.003   0.624  0.000   0.000  0.000   0.000  0.000
  7/2  -0.138  0.003   0.000  0.000   0.000  0.000   0.759  0.000   0.005 -0.003   0.000  0.000   0.000  0.000
  9/2   0.000  0.000   0.762  0.000   0.035  0.000   0.000  0.000   0.000  0.000   0.116  0.000   0.010  0.000
 11/2   0.431  0.000   0.000  0.000   0.000  0.000   0.001  0.000  -0.088  0.000   0.000  0.000   0.000  0.000
 13/2   0.224 -0.005   0.000  0.000   0.000  0.000   0.133  0.000   0.001 -0.001   0.000  0.000   0.000  0.000
 15/2   0.000  0.000  -0.088  0.000  -0.033  0.000   0.000  0.000   0.000  0.000   0.992  0.000  -0.001  0.000
admix       0.002631       0.002530       0.002530       0.003354       0.003354       0.001519       0.001519



========================================
Formula: Eu2Ru2O7_13
========================================
State-analysis with respect to free GS J= 0.0  (coefficients with real and imaginary parts)

  Mj     Level (eV)    1  -   1
          0.00000000
  0     0.699  0.000
admix       0.511541



========================================
Formula: Er2Sn2O7_13
========================================
State-analysis with respect to free GS J= 7.5  (coefficients with real and imaginary parts)

  Mj     Level (eV)    1  -   9
          0.00000000     0.00000000     0.01123054     0.01123054     0.02531557     0.02531557     0.04841560     0.04841560     0.06018185
-15/2   0.000  0.000   0.000  0.000  -0.068  0.000  -0.038  0.000   0.000  0.000   0.000  0.000   0.000  0.000   0.000  0.000   0.000  0.000
-13/2  -0.123 -0.042  -0.144  0.000   0.000  0.000   0.000  0.000   0.026  0.000   0.001  0.000  -0.020 -0.001   0.856  0.000   0.452  0.000
-11/2  -0.176  0.000   0.151 -0.051   0.000  0.000   0.000  0.000  -0.023  0.000   0.748  0.000  -0.355  0.000  -0.008  0.000   0.088  0.004
 -9/2   0.000  0.000   0.000  0.000  -0.610  0.000  -0.156  0.000   0.000  0.000   0.000  0.000   0.000  0.000   0.000  0.000   0.000  0.000
 -7/2  -0.292 -0.099  -0.341  0.000   0.000  0.000   0.000  0.000  -0.307  0.000  -0.010  0.000   0.004  0.000  -0.152  0.000   0.294  0.000
 -5/2  -0.283  0.000   0.242 -0.082   0.000  0.000   0.000  0.000   0.017  0.000  -0.540  0.000  -0.306  0.000  -0.007  0.000   0.050  0.002
 -3/2   0.000  0.000   0.000  0.000   0.355  0.000   0.685  0.000   0.000  0.000   0.000  0.000   0.000  0.000   0.000  0.000   0.000  0.000
 -1/2   0.470  0.159   0.549  0.000   0.000  0.000   0.000  0.000  -0.223  0.000  -0.007  0.000   0.003  0.000  -0.141  0.000   0.602  0.000
  1/2   0.549  0.000  -0.470  0.159   0.000  0.000   0.000  0.000   0.007  0.000  -0.223  0.000  -0.141  0.000  -0.003  0.000   0.109  0.005
  3/2   0.000  0.000   0.000  0.000   0.685  0.000  -0.355  0.000   0.000  0.000   0.000  0.000   0.000  0.000   0.000  0.000   0.000  0.000
  5/2   0.242  0.082   0.283  0.000   0.000  0.000   0.000  0.000   0.540  0.000   0.017  0.000  -0.007  0.000   0.306  0.000  -0.280  0.000
  7/2   0.341  0.000  -0.292  0.099   0.000  0.000   0.000  0.000  -0.010  0.000   0.307  0.000   0.152  0.000   0.004  0.000  -0.053 -0.002
  9/2   0.000  0.000   0.000  0.000   0.156  0.000  -0.610  0.000   0.000  0.000   0.000  0.000   0.000  0.000   0.000  0.000   0.000  0.000
 11/2  -0.151 -0.051  -0.176  0.000   0.000  0.000   0.000  0.000   0.748  0.000   0.023  0.000   0.008  0.000  -0.355  0.000   0.486  0.000
 13/2  -0.144  0.000   0.123 -0.042   0.000  0.000   0.000  0.000  -0.001  0.000   0.026  0.000   0.856  0.000   0.020 -0.001   0.081  0.004
 15/2   0.000  0.000   0.000  0.000  -0.038  0.000   0.068  0.000   0.000  0.000   0.000  0.000   0.000  0.000   0.000  0.000   0.000  0.000
admix       0.002491       0.002491       0.003008       0.003008       0.002694       0.002694       0.004414       0.004414       0.002204

  Mj     Level (eV)   10  -  16
          0.06018185     0.06594634     0.06594634     0.07165904     0.07165904     0.15821223     0.15821223
-15/2   0.000  0.000  -0.052  0.000   0.078  0.000   0.000  0.000   0.000  0.000   0.992  0.000   0.000  0.000
-13/2  -0.081  0.004   0.000  0.000   0.000  0.000   0.040  0.001  -0.108  0.000   0.000  0.000   0.000  0.000
-11/2   0.486  0.000   0.000  0.000   0.000  0.000   0.100  0.000   0.037 -0.001   0.000  0.000   0.000  0.000
 -9/2   0.000  0.000  -0.212  0.000   0.737  0.000   0.000  0.000   0.000  0.000  -0.116  0.000   0.010  0.000
 -7/2  -0.053  0.002   0.000  0.000   0.000  0.000  -0.264 -0.004   0.714  0.000   0.000  0.000   0.000  0.000
 -5/2   0.280  0.000   0.000  0.000   0.000  0.000   0.582  0.000   0.216 -0.003   0.000  0.000   0.000  0.000
 -3/2   0.000  0.000   0.332  0.000   0.540  0.000   0.000  0.000   0.000  0.000   0.025  0.000   0.021  0.000
 -1/2  -0.109  0.005   0.000  0.000   0.000  0.000  -0.031  0.000   0.084  0.000   0.000  0.000   0.000  0.000
  1/2   0.602  0.000   0.000  0.000   0.000  0.000  -0.084  0.000  -0.031  0.000   0.000  0.000   0.000  0.000
  3/2   0.000  0.000  -0.540  0.000   0.332  0.000   0.000  0.000   0.000  0.000  -0.021  0.000   0.025  0.000
  5/2   0.050 -0.002   0.000  0.000   0.000  0.000  -0.216 -0.003   0.582  0.000   0.000  0.000   0.000  0.000
  7/2  -0.294  0.000   0.000  0.000   0.000  0.000   0.714  0.000   0.264 -0.004   0.000  0.000   0.000  0.000
  9/2   0.000  0.000   0.737  0.000   0.212  0.000   0.000  0.000   0.000  0.000   0.010  0.000   0.116  0.000
 11/2  -0.088  0.004   0.000  0.000   0.000  0.000   0.037  0.001  -0.100  0.000   0.000  0.000   0.000  0.000
 13/2   0.452  0.000   0.000  0.000   0.000  0.000   0.108  0.000   0.040 -0.001   0.000  0.000   0.000  0.000
 15/2   0.000  0.000  -0.078  0.000  -0.052  0.000   0.000  0.000   0.000  0.000   0.000  0.000   0.992  0.000
admix       0.002204       0.002107       0.002107       0.002764       0.002764       0.001294       0.001294



